1.04719755e+00 1.04719755e+00 -1.04719755e+00
-3.14159265e+00 1.04719755e+00 -1.04719755e+00
-3.14159265e+00 -3.14159265e+00 -1.04719755e+00
-3.14159265e+00 -3.14159265e+00 3.14159265e+00
3.14159265e+00 -1.04719755e+00 -1.04719755e+00
3.14159265e+00 3.14159265e+00 -1.04719755e+00
3.14159265e+00 3.14159265e+00 3.14159265e+00
-1.04719755e+00 3.14159265e+00 3.14159265e+00
1.04719755e+00 1.04719755e+00 1.04719755e+00
1.04719755e+00 -3.14159265e+00 1.04719755e+00
-3.14159265e+00 -3.14159265e+00 1.04719755e+00
-3.14159265e+00 -3.14159265e+00 -3.14159265e+00
1.04719755e+00 3.14159265e+00 1.04719755e+00
-3.14159265e+00 3.14159265e+00 1.04719755e+00
-3.14159265e+00 3.14159265e+00 -3.14159265e+00
-3.14159265e+00 -1.04719755e+00 -3.14159265e+00
-1.04719755e+00 1.04719755e+00 1.04719755e+00
3.14159265e+00 1.04719755e+00 1.04719755e+00
3.14159265e+00 -3.14159265e+00 1.04719755e+00
3.14159265e+00 -3.14159265e+00 -3.14159265e+00
-3.14159265e+00 -3.14159265e+00 -1.04719755e+00
-3.14159265e+00 1.04719755e+00 -1.04719755e+00
-3.14159265e+00 1.04719755e+00 3.14159265e+00
1.04719755e+00 1.04719755e+00 3.14159265e+00
1.04719755e+00 -1.04719755e+00 -3.14159265e+00
-3.14159265e+00 -1.04719755e+00 -3.14159265e+00
-3.14159265e+00 3.14159265e+00 -3.14159265e+00
-3.14159265e+00 3.14159265e+00 1.04719755e+00
3.14159265e+00 -1.04719755e+00 3.14159265e+00
3.14159265e+00 3.14159265e+00 3.14159265e+00
3.14159265e+00 3.14159265e+00 -1.04719755e+00
-1.04719755e+00 3.14159265e+00 -1.04719755e+00
-1.04719755e+00 -1.04719755e+00 -3.14159265e+00
3.14159265e+00 -1.04719755e+00 -3.14159265e+00
3.14159265e+00 3.14159265e+00 -3.14159265e+00
3.14159265e+00 3.14159265e+00 1.04719755e+00
