6.220172005507141222e+00
5.250000000000650147e+00
2.316952686764884705e-13
2.221468193954456381e-12
5.250000000000186517e+00
-2.316952686758895925e-13
-2.221468193953857402e-12
-9.301900143286742306e+00
6.220172005507141222e+00
9.701720055067233339e-01
2.316952686764884705e-13
2.221468193954456381e-12
9.701720055067233339e-01
2.316952686764884705e-13
2.221468193954456381e-12
5.250000000002639666e+00
4.279827994493695442e+00
5.250000000000186517e+00
-2.316952686758895925e-13
-2.221468193953857402e-12
2.316952686764884705e-13
5.250000000000650147e+00
5.250000000002639666e+00
1.455190014328715975e+01
1.455190014328715975e+01
5.250000000002639666e+00
2.221468193954456381e-12
2.316952686764884705e-13
5.249999999998196998e+00
-2.221468193953857402e-12
-2.316952686758895925e-13
-9.701720055067233339e-01
-4.051900143286323974e+00
5.249999999998196998e+00
-2.221468193953857402e-12
-2.316952686758895925e-13
