6.05449207818051
7.47481937737917
3.19209095318524
6.77230028358002
1.97414329058688
5.17136429247506
2.21188722159653
0.740235153427162
7.87021184477111
0.428867918009321
5.77135487725096
4.64169142714465
1.64696494068145
2.18046218933863
3.39910325526899
2.30429607189196
1.62298577778638
1.60128593803785
13.7577692337602
5.23015286886499
6.43766422441426
5.27268574986579
3.80854362316306
7.11888429741197
2.01113237399992
0.562112796963301
3.64124501282364
-0.295758392747742
7.88846892317105
11.0077907832893
2.33106642393376
-1.11622452971057
1.35408557622732
-0.68479916601001
6.89371834089078
2.54249178168326
5.70228973276821
0.989373652878443
4.8695668464091
5.51633023110436
1.32421219915724
8.46942295779305
-4.10753666524587
5.44863093166828
7.80587103561996
3.44433340193225
1.64514266609834
4.89967700547346
3.66589271186727
0.48070065769452
5.93268621445154
6.26417501967451
3.38248187618745
5.37250809296573
0.463365344379782
-0.010654922731495
2.70352797090006
0.845575043406892
-0.777692359514466
6.32041690615985
0.182636767294751
0.655567897394821
-4.53178654894064
0.632720420552348
5.68593458494109
-4.33485696853706
4.11621800752
1.83176911960482
-7.77057179214631
-0.3672883845413
-3.04815192536526
13.0670005619899
-1.86448593551665
2.10838934592631
7.74617980183242
3.09112652768455
1.675620590675
5.2122926519112
-0.683680352762086
-1.6223951236045
2.19201479572409
3.12011250458952
8.21259045691274
5.86582393116407
3.25738044574559
0.704737641565882
-8.62096085787976
-3.05308365040631
0.505649711961658
12.4879106921649
0.704365291878604
2.72358698212962
-1.05960319903425
8.6990391064229
1.69874453839855
2.90899932986442
1.91064323618383
5.8390918616864
9.10893641440984
-5.3797204148953
-0.804482828486896
3.04071986971837
5.06131694810109
-7.2729014078605
3.06655101706278
0.945777859078764
4.51271763580222
7.30065911254066
2.49129719494753
1.63486890449696
7.47918217980219
-0.519300444292782
0.0625163541541488
4.22652137414271
6.82299263855397
2.82914363352501
-0.510901323050163
3.27706539552816
6.63945997362234
3.26077309494197
3.36374765332918
0.703690414822958
12.4157336368622
4.5203306871207
7.71668595948752
-1.72718786072832
-3.77620211889494
0.817097413714394
0.300918696258331
2.71203439340256
6.41778203581722
-5.11332543492741
5.56704812184455
-0.019588555233004
1.96890533449303
6.0608925992655
1.88377328990963
4.589836953193
4.13719659360954
1.164239988645
-0.154411421693963
7.68687123846081
8.89623736997142
-1.13862754147971
2.20065522600543
2.22263938027338
9.709023914299
2.49890996838492
0.420353025183162
3.41294600376264
1.57760078497718
3.14262256674876
15.1971825948606
0.80456989700238
7.1969012945093
4.60982609710118
2.05102103851657
0.145887082407897
1.51976080296053
8.15401550604816
7.60268257664195
3.19320563087613
13.4713457444743
2.46112002282255
10.7560815930179
7.35468786789423
5.96526723195849
5.14507691632409
5.85214947925774
8.7318423226056
0.879135230284811
5.1242861213765
4.73602829669634
4.01264204355835
-0.255946520669459
6.37327854300287
4.99514354387115
6.01670772056081
1.72842056480096
0.953345096756586
3.83614900644531
-1.31416269149376
5.47185627996284
2.66536907584556
2.89327148188128
9.13523144832711
1.91503521244607
4.02888765860808
2.05654080373665
6.41278423462011
3.21119126964462
4.99178258215605
4.44783040019703
3.08314980621589
5.50199578110138
1.11639249968926
1.83919659865795
0.234440078914838
2.86158601459655
0.462325711511805
3.31436069557883
10.5131828475892
6.91374598565979
10.3992071744533
6.74500704728548
14.8506381644139
5.2085747821291
10.6860655844754
1.71421643827955
-0.983795795288746
6.79256539137497
7.35166896040997
7.72239919042481
2.62512024106764
-1.326351725568
6.06006262981787
6.18694966053543
5.24466779674088
1.09117601215635
6.00225020627194
5.31311789217697
0.399670485904835
7.11376424663752
7.37181535063096
0.92330495985388
6.22651126938279
1.26233282064513
3.98183351713054
8.95635920714666
0.374482543526458
2.87165865302875
-0.428451461013367
1.69065158263172
-0.810033272686749
-0.848094427406119
-3.36904824179307
5.27790282214851
0.296585110955574
0.770403887359959
6.73195934260853
-3.99783345082296
2.18457637868258
7.36919813453606
8.5410974489765
-1.6714295474614
7.16794627455361
0.872272000416731
5.4953192389625
3.69665069471816
7.90208461467407
2.83938967862761
4.91404216397911
-1.33650819948819
0.748708912998431
6.88500593736129
2.61230460366026
3.77075778123519
5.84071681667058
0.42940211737552
-1.3895863080674
9.44289034737935
0.53288409886529
7.64567893692734
0.670438570022215
11.4470654024215
8.88521464729181
1.60342350913168
7.73355857230518
7.02163903842572
2.54823561965627
6.96255287784398
0.100512449928515
5.33118846688695
5.21385045265907
6.64816766203599
2.2935390121591
-1.45558675718249
0.0445789518829304
7.95516905740991
-0.123853952219134
-1.6453271180052
4.15645902716028
6.95516010977444
0.984765381038447
1.09414574663702
3.11280927453798
5.8333803198064
4.65674068844469
0.66623664104169
2.85061277572191
5.0775632253989
5.36151941847511
4.60615959468571
4.53689683518013
2.18614679648555
4.07985371832404
2.35894033204745
-0.407620318515571
-1.77975219808513
1.48554215868648
0.868216845336634
1.00138537379311
-0.412858844065337
4.59255164051715
8.18080370894527
13.181276417341
3.10671062258506
1.5619198628414
7.93378040623168
-0.857866038964545
6.3938552830167
-1.35274817365808
2.20514216238321
1.9223118689165
9.91411872044905
8.16056809782965
1.02220265261204
-1.39765319917682
0.875334419251659
5.12614349644422
-1.68887180213109
0.770856515100957
14.2877710711972
3.66011179505758
-4.74035522892366
-0.376395481259888
1.17273218084375
3.91249694175117
5.13916864158788
4.15401672649187
7.38287258270557
3.75094981598504
0.0380949761629651
0.832679680346343
13.3140111470018
9.42533914210415
7.2886670501536
0.696096072502632
2.35719057115029
4.21065492547634
6.71201795630687
3.21917971262226
2.3926091108342
12.062520828872
0.90819109101975
6.91084060930585
8.12852150579272
-0.697803739299075
4.2001869837409
11.4344232752892
1.08476636352377
1.03891406417582
1.19658470944055
6.25025600018997
5.05847578834073
-3.71480604984695
6.65007608799231
9.23012077227742
5.09949789887347
-1.02238672359955
-7.10252552407948
3.58453315798066
4.39340616090501
7.07316255809699
15.3781800280103
5.46665359284575
2.45858295800169
3.84166339103039
7.7387858443074
4.32269732072997
8.17021844888709
4.59057952921308
7.29495663847091
0.86292935339862
2.43617930727641
0.124936716719409
4.71057189320696
1.36886544038922
3.18869996911077
-3.79737778026343
-0.951231504048501
7.61767989913655
7.71193555756439
5.67425206536868
5.02142428145259
0.702009201296321
3.0427082380711
4.23295420684899
-1.21492994510747
5.16258894384491
1.05636726644567
-0.533441938465621
2.44654687331323
4.76826352368971
5.98910894259948
4.24832273074976
5.76852372913809
12.7002838031633
5.35344644055321
2.48300577903638
3.61574909669889
3.82614011256218
2.09991287652871
1.08903297396552
6.44056787261637
-1.31590301246685
6.70830629503777
10.8010151882024
-2.16393223072333
0.515024111198018
10.6272804677282
-0.188922792147907
5.32744444050451
1.73962779621736
2.32181076692554
3.50434243709475
1.62374362978792
0.380285254773166
3.17943420214992
1.11015390467084
0.937468070831267
8.97016973423835
-0.0874651092722466
3.36223661247893
4.92913734351187
0.845262705233672
0.874809479266635
3.10257023766548
3.47239583440807
2.08461822548289
-1.82185659010548
-6.53710191128528
-2.32237171809244
2.60064729358635
3.13461355797095
-8.966713930525
8.71142033804677
1.02130854510451
3.04328167674975
12.2732863923879
4.46222177773573
6.79729794012253
4.51651513361587
5.97766512182876
6.11528772316348
3.76291185007358
-1.51625492240304
4.05762580556496
4.51268260015035
6.16860114459214
4.35447050915132
6.1075565185174
4.23493292487012
5.85463791980086
1.99120372230179
1.61633301454675
2.02488303744701
6.53378449272675
5.86334395428907
1.16615534056829
4.05379769792289
2.88900358517258
5.61059771771621
5.87963638353797
5.79881955916558
4.62672101648707
4.23953383313361
4.13836709614842
4.73436053198843
8.86737795236888
-1.28808009231899
7.37245088171961
2.89516000684675
2.17395422252699
0.0223827392099638
-0.0646194616639269
6.10006041165156
1.63170938788516
10.9022956037915
1.66283847458042
-0.231761461939286
5.54147748381563
0.637698338254528
4.71057236405339
2.56100208070081
1.31692749123279
3.13827737560699
7.67935324663145
-1.75129608260976
5.86765990414896
7.3230062968982
12.0154700629976
1.74388247730187
4.77529683095571
8.15937030667969
6.18739943254318
4.01535181285287
1.62591273162667
1.55796965940121
6.12904667573496
3.887996406248
8.83343891459144
6.33358414456747
-4.76484614324023
2.08776308961129
1.18023303344379
4.16131328907254
10.0335957132288
8.42183691845544
6.2567155516895
1.30659448859932
-0.34581706335004
-2.39228817148488
6.83577792113794
9.54251063255104
1.69030774647977
3.73916563591454
4.40531443488119
4.61767211475698
7.32583475881947
-3.34095072262143
2.68548942381494
4.28914804519976
1.33094613538653
1.41744749258726
4.30719408057546
2.31146385489758
7.82988214521711
1.9534495608865
3.88732942251956
4.60674183620954
-1.49698924465486
4.14605957529554
1.21948471022848
-2.12086541346613
-0.262523601330099
2.35050474279414
5.69977297534328
4.63317161463893
4.64980944648089
6.60728517935612
7.64865817804577
0.975994698168272
6.16685441863207
1.53202241838885
-0.256375671511311
0.508717759739238
4.00451625976132
5.91990048564725
-0.74199605809021
6.58673543698219
-6.07390585015653
7.31204387550737
10.2839553945898
-3.34289396782801
-1.14250212474905
4.38108025940651
3.62562556780215
7.70213947557379
-0.31894331279394
6.19618180566989
3.56880949007022
7.63578207587652
2.03926624388538
7.94253067139759
3.14169589182798
3.88011724233447
-5.17310151132306
3.71166104801249
1.16030150118136
-2.98084436399627
0.913668077377702
12.426466213263
15.3983225254602
4.66809251438389
6.55611145046511
-3.55541236936919
5.89431963303385
5.46450944610043
5.82576536774712
2.1474461282615
1.67239467903365
-0.793240820105556
-0.013968685253936
7.50123763118779
4.99434479063514
4.23192533723612
8.98840258214225
7.18096610620946
0.841945838173753
4.54520708253325
-1.11492421287323
2.47112500064263
6.24752545155678
1.84892528285109
2.85674308871501
-0.125993078386541
5.32582114722025
7.51683380286354
5.26089362612333
1.10031796176045
7.42521649441468
-1.21701782947313
1.96191559225979
3.65075702132777
9.19173583188538
7.00465642491283
3.93664382137336
6.64451741290478
-0.482802315814856
2.50904666546689
7.56913634194637
0.778753128704535
6.33299341742595
2.15050514285328
1.67705743109252
5.84947904702776
9.65939372732112
2.89777046303118
2.36255539414397
2.6879444914553
1.05120479429572
2.56787467052607
1.41403555560998
1.75566709627403
7.71118764758867
-3.19904468657762
1.94295513588022
3.64477718944038
5.25488110029515
6.83632806290256
7.26009588006727
8.41170506431111
0.266047909741956
2.2031587555806
3.80997649794848
6.22289262678505
-0.117278526748481
1.92151355287435
0.0131937182220388
5.92779902537104
1.2494647854167
2.2005646269939
2.10689317124273
5.22245149162371
10.330312330182
9.83312604187268
4.41514130254154
0.884281813641434
-2.85327984700315
0.606901042895567
6.07636689395009
5.96408466633922
0.945229870541484
6.21032953118437
2.94014088068313
3.59653047757002
-3.05826504772046
4.64518440330959
7.97588833233493
0.811319434841075
2.38259299956364
3.91909440753559
3.18176044520154
2.04325787478445
1.53769161559014
2.85903109431189
0.832212037588326
6.43885393093531
5.76932229846867
-0.475688835843692
-1.0693532303722
4.2072728068959
5.65880116372705
0.218628737075582
7.41272221264182
0.861119408158806
2.43772600541434
8.59904657104527
6.08860717642304
6.65398947810676
-4.02467089135475
4.75486936106307
1.27931366274987
0.69445071326008
8.65229019187418
1.07913951997886
-0.689083523570607
-0.679397473353057
1.13697272625347
5.9211928509809
7.06020889916467
1.57965513008002
4.88839508048316
8.65663718431263
4.64016783986468
5.07324263526348
5.73682896271889
0.899344817797049
-1.01410006167665
11.6571938106645
-4.15083165846616
13.2451444418605
5.51920031835527
-2.05709437705063
4.55239531770989
2.5365545552023
1.33346937779143
-9.09776066129793
7.25527125878992
1.53978528582079
3.33569081691732
12.8737003742693
4.65724548045033
-1.62179307033176
10.0377419071692
1.59384432947722
4.6759139627897
5.94476942882922
6.59616721262612
5.44907315609181
2.45254551880349
1.02180942352396
4.3223327113092
1.91773547657169
4.13510059205924
4.63835985581818
0.166329857508283
1.29626261144827
6.39635375132875
1.76484609100486
7.45527991201334
6.75121949364202
0.0360479773584962
4.61076050095182
5.85050384545228
2.93427149716184
4.95561224313527
7.23529523187715
8.2272495450103
9.63710107941602
4.50661496081478
1.58836243435734
-2.956320213714
-0.479690640918733
5.75903776450623
9.79251376608175
3.85857834802324
1.24407673126413
-0.0609082323547682
5.39527704420237
1.51173799380656
7.3111898806616
10.0597869654535
7.96923571625511
3.9075351444532
7.93083547118262
1.96123464737327
-0.534888526969598
-4.81628799630043
1.51848677124175
5.42988799977036
0.76723892508306
0.592075214185628
3.21550746338495
1.72440469375103
1.8124304859537
3.83520320360148
5.95445054677991
8.40922414229494
5.30842995892065
3.87023694841424
7.3044106037905
3.77510012116677
1.2657849562817
6.75747708394073
0.975749012290189
4.56146476835948
-1.34556569680162
1.60721376470048
1.58497602350248
2.19850674883705
0.233492034471106
-0.919720479651943
7.21848721120455
6.58704956203146
3.51052721425324
7.4313069912998
5.05629137876786
5.26391929297288
6.04055246347441
10.3615866180705
8.40524869926319
2.03794975273707
9.08087364431782
-3.98692448271962
6.36045464369016
-1.88353356209123
1.76576036581037
5.82651626615523
-1.19354257593218
3.90172601744171
1.5786417302955
6.34711368075854
-0.995171829805455
2.30379769859897
6.22338456204323
5.13019254897882
0.0309220649359774
1.56281410663235
4.02734416448872
3.22334416384072
6.40044644633911
7.38089733848579
0.00844952140607575
4.15943168923341
2.32295374218747
2.58481175353143
6.70643965167377
1.50512428954289
0.289068996802371
5.70942260720053
0.329687725075061
2.52387394976892
-2.07584948498333
3.04194027642242
7.02473174684596
1.23113223657135
4.68495077604855
-0.497452499066602
6.5176074338077
1.03007014206875
3.29853563857875
7.87230345380033
6.90868761269855
3.09533499003652
1.18504211483781
5.33579266487539
0.229376854736173
6.68352685302281
0.909226380727296
0.221702579278577
6.11084924529205
4.53319504531361
2.56382123029474
8.12496417163892
5.9828903165927
0.641793129791597
2.69041056778477
5.89915432785162
-2.21334184923239
6.84018673547288
3.96012651136236
7.93284562805308
5.23993524790137
6.51590991822255
2.5659320769109
-1.19908606494787
7.82032780521862
5.77248422750212
5.91814561070797
-0.250836516783951
6.60213018802366
4.93199850484607
-0.981802821074309
5.44243829773424
-0.477945055270937
3.42272384765978
-2.73497897566392
2.7217966693092
0.801604012132281
-0.17630314075461
-0.291992832877783
-1.48471501705924
4.69930722344269
7.40580810896466
-0.584823130712449
6.46155405727233
-0.614980690228972
7.00255317533108
6.41554929598771
7.03910360017034
8.34948100757084
4.13034827056258
0.0145616491695819
5.90969157111284
6.26960255447461
7.78990437504369
9.6266355742017
8.17978166709358
-0.936450928499706
2.47739515629643
1.47999724595037
5.54284044808162
2.51919120988978
2.15338491176772
7.49797174529307
1.92007641494637
8.11238910594444
8.66452511609551
-0.1243711117918
2.74514758896188
-3.67365384288338
-3.95837195752161
-2.31574251096114
-3.07676456264581
2.21573535325718
-6.83349799384508
4.83870688970626
5.9187158935796
2.23088970378745
4.21799120591406
-2.7960575083755
1.61797006315253
1.46210523736692
6.28250388041179
4.89102617332837
8.70713007733348
4.80877056645671
0.173789637124722
5.40065608447504
6.97662192037222
-3.65506670187344
0.716587852450808
0.0729567231018192
0.683632364427804
7.34965436355535
6.58215129333089
-3.90345725619795
7.9058823811822
-0.569402013244402
3.89921001691424
1.10852066005767
1.34254120703755
6.85335581481351
1.50606184344366
1.8234185540794
3.17593863950345
-2.52708599122051
5.12772268721779
-0.344284097774478
7.41616838478502
5.26585365748971
4.07866911280975
0.374852229885813
7.52227666768304
9.55193813596663
8.48991924095896
1.59388562718361
4.30181767762359
2.58499210555009
2.06876752673477
5.14362127357498
2.66680542221364
3.24476263072879
11.0025953618753
1.02499107420899
1.16264091436259
-5.8560039638331
8.24266906358022
5.491325340427
5.69504305832783
6.16247449423115
5.23624949787656
3.58458557207269
-1.13766957617501
4.96822232348289
0.902975273858493
1.1209937835124
1.48335683350904
8.91382866468551
5.17846720002531
0.928500874580246
-0.1602378530386
10.8291424520841
3.60337635613538
3.6131672889014
5.44637935264507
0.881319304159343
-2.75736746418398
6.71404519960609
1.21907007264516
-0.152657668665831
6.97356920676433
6.31874335678019
-0.0361509968489087
1.13692115615747
4.90846439026493
-0.861182541164332
3.08686782377185
-1.06230900291641
7.31149956925525
-0.999158705336095
-0.362107464902415
5.42733997532639
-2.15386679444062
5.13652217011049
0.551958370675181
5.17382909322407
6.38545285054126
