6.68676391348312
7.73017167778094
-3.70722497859455
4.77899325108599
1.99685507462094
-0.44871989935578
1.23018890119151
3.73145035699839
9.67680539553675
7.42702298652818
-1.61170600039225
8.16671350300455
4.49607073500316
4.88165899728169
3.6382849946678
-0.0313903880783208
3.89306961184689
7.18708024743439
3.52213769609366
7.08856346299342
2.96773107040114
2.05677149969231
1.53095538743265
5.53347193392405
5.70284846871155
4.16426674808802
3.19627605730497
0.655411739633197
2.94326021536769
0.366291482320052
7.55271596895279
1.87165164329595
1.12158363121028
3.84375791119937
-5.1178100997154
6.51382890727144
3.59360341309606
2.07563374748392
5.391487436358
-0.495661634536564
3.30403512941778
2.91459648159876
-0.442516278026502
4.93504106808222
-0.138753169252388
-1.8982860963755
3.69827410698897
7.49761823081557
1.86128058543956
0.950172230276203
5.37868543968493
4.17275619868043
1.64153096312534
4.19999663548697
6.01317369818288
5.62625860426798
-1.82679052930939
0.373799658145671
0.460230333402028
4.78186861324236
3.70894896691529
3.84009699053532
3.09759212981524
5.42009752686861
4.80761811757805
6.47123222485397
-1.35641145383838
-0.650795802205555
-1.30026088318559
8.91404187099153
2.83443005462301
2.5218708171897
3.67669923381704
3.25287181315445
2.32806246463135
-2.13929947750389
-3.1892807092686
3.53920426330148
4.25698645297296
0.136103041582908
2.50263562956151
6.5761322467583
3.60786189435829
6.38052476026795
1.64865422148016
3.91204799927742
2.93240271399621
-0.259815420650811
3.8027144296914
1.05709697463496
0.848906594547257
-0.523612402020355
4.55459214026795
5.46771943072703
2.22787197309267
1.58786087516097
3.26161301161234
-1.91245179402098
-0.0327162497968723
-1.82636077072639
1.06883417567846
-2.34578175979772
6.37862115442915
-1.07799504111738
3.41718551309105
1.1434270952008
3.79410974029308
5.08142733451631
2.44810841252277
3.58911674425137
-1.70840778233306
2.95848989423422
3.43493798390868
2.72719343603451
3.39246310356113
0.698779385949433
5.87038957731628
2.993547949724
4.54874872214465
0.472714827889219
6.16024942083714
3.73659894459284
4.04484385330336
1.74612694493298
3.29486796256888
2.48720712930153
4.29638811071317
1.13187616872281
3.10872595470091
-0.250837934321105
1.89777817648108
2.29456307740983
0.122139196262421
2.51812483182135
2.45221663385562
7.22807828244831
-2.2852052615734
5.22351140925998
5.44514916909265
2.93218369690511
2.09581900449122
1.68686742344772
3.2378716313988
2.82836935547576
2.0664388169766
-0.698974259467422
1.10700465703235
3.05878525210389
-0.19697151225824
5.11093134279447
1.97662827717489
1.16899022474508
4.80212925405513
1.80520410901488
1.02958603903565
2.69033119214334
2.70903570667347
4.27312743032446
3.13491115968202
2.12903082172709
-0.626513083358797
1.41894357877988
4.3044442115173
8.98919473261119
7.36121758642839
0.99256301600959
5.02565136488484
1.1715188676398
-0.461928234204801
1.40573898363654
0.322192623359745
-1.76620255573648
-0.555942580819047
4.92262376664724
5.08753937483525
5.11425471986515
2.0336859969424
4.73113572735614
2.75203204998499
1.15002338510729
1.38298044170163
0.475102455008541
0.627710537886918
2.11958354068888
5.94478031211275
2.7058362250557
2.4674622249171
6.4241525656726
0.933851263166162
1.33660889145144
2.21477352752778
1.34772288153104
2.63708919326811
-2.32892748686271
1.32334245795563
6.0610731765537
4.70670215021778
0.831158076227963
4.00821158461791
7.47704711518434
4.62690313554352
-0.241954845296472
6.39320463033289
-1.63528950954088
1.01028797587972
3.78667015368296
4.39291655227377
2.35740803282897
2.02026115450288
3.1186707978961
-0.660636131052375
2.23013268290745
-0.0976355506266154
2.23072732034789
0.329509970653399
2.91229393910633
4.98179775000169
2.80841509422293
7.69623526835177
-1.72760150231115
3.59346957089509
3.69929973404193
7.79032762630761
0.604862920020933
1.73009707629057
3.17835753026415
0.23744477420348
2.15859268506792
0.993834561281377
6.51685846250344
2.35910580818721
1.5666805705141
3.09142080318302
2.9685280616658
0.62725968130271
-0.209026893805206
2.4559577125447
0.348953755153665
2.95180832344776
5.77932716966589
0.438720328843956
1.05809035957968
4.23919072710547
3.2573812440201
4.45944152073612
3.5015571358167
4.91395607427591
4.10119515000645
4.77648905670845
3.52498790408099
3.25250539419552
-0.673056772980455
5.70577798426422
3.66712162840577
0.478643926616056
0.641117394695518
8.37305623734064
0.753769714892415
8.62250169446803
5.23941982625673
4.93432529857378
6.87716182223852e-06
3.533629493406
2.45884312837256
5.36613786708008
-0.439747760483107
7.48657693543633
-1.08278431754396
2.55377171966699
5.42729664538242
4.01105190656682
1.18964660410234
3.74202851438867
4.2135935313849
2.22803879343392
-2.14811182257173
-0.319446861797046
3.91850255125961
-1.02034970428982
4.54332331050074
3.94933650525877
1.02140933570073
1.80255800460798
2.98223807416793
3.82839984782172
5.1020719197419
2.44984021741694
3.04951984646097
3.77941965558871
1.55881453005078
3.48224368361819
-2.40065707945989
9.6335772029867
3.24081197995891
-1.34196582102329
1.58572468077163
0.771101025259873
4.51778657558174
-4.06441998363517
0.418673800766668
0.244739017998141
0.840010842603016
-0.453302964763636
3.42043056628761
3.42708508311638
2.55947964353353
3.19138029515932
0.891774863717167
3.67921309314349
3.78315672762179
3.50082359430443
4.57556853154494
1.98708429611663
5.00303969730435
2.19284100711261
3.80733655302274
-0.970890496700002
3.00052431961193
2.98714705703993
5.34832747947285
3.92904125654031
2.15857743918043
-0.0548297782165753
2.79518616687665
4.61873706084005
1.65964408045882
2.81189655348076
2.86777044551053
-1.56286054789376
4.12556877086848
3.00619239074987
2.00317371989317
1.11363250004441
-1.50635422121947
2.89516586785346
3.23098324483544
2.39987482499883
3.5972084281219
-4.0130918912405
4.35232711122087
-4.2630309222192
-1.56612340753726
4.97148490442869
2.59813180714056
2.34334360518829
3.93358191978994
2.91457254215546
7.09478068538131
5.60730542163638
4.61992485850002
3.55537149372762
0.486516299623617
3.98064227860249
0.745717033880658
6.83656872937608
2.25669311062876
4.18956596097308
2.72035277989809
0.559743214729108
4.24316402692274
1.61107438764991
1.8318477943616
3.40492820770107
0.285299440570738
3.50606908269103
5.40975889846964
0.616049286299256
1.91239899065626
3.49705941448608
0.252932738350976
-3.03649103797499
4.1789563140432
0.282181639414364
1.1261534854382
4.800220284788
0.846135079632022
1.28737675842463
2.78904349314135
-1.30556411594245
1.30970030926589
5.32567933028548
3.68603061158019
1.33868620363728
4.31457039207444
1.15280172458348
10.1314769926822
7.54641962739734
5.26212936941699
5.50469831041548
2.55025194587764
1.99462416997064
2.45743329700598
2.6328891338301
0.831292389915982
2.87594800949244
-0.907857658832033
-1.30332014593974
6.97927594448532
1.03348601907535
1.63524626339633
1.28589215873613
4.4228040901082
-0.802693908583516
-0.360382609894751
-0.304896638213967
2.50082468573353
4.82236302090388
-0.166580672456899
4.11809194773637
3.90174165170399
7.10088979141779
3.53007746408174
4.02339559559178
-1.2938720009583
2.31510677853428
5.86699523087033
4.27320900957849
-0.689002284236064
2.54042275348216
-2.32037676815023
3.31336931624989
1.32640222549483
1.35704822970319
2.41879079069145
4.1013591109253
-0.658190891844439
8.53270136832647
3.22489664410199
7.90832126258145
-1.29704482805571
3.2747033634257
2.53882445416052
4.87628741791459
3.89181111021536
-2.93081881893999
0.349448317626793
-0.825070641391675
6.2400001003959
3.83902510866554
0.670925630167434
4.42898760629831
5.12055915846046
1.74834843161434
6.05561482759716
3.33277850534268
7.87898394519311
3.39933366920007
7.71985589129833
1.80672111936007
3.71098748880237
-1.08395610584445
-1.58097611290555
-1.91586852272196
3.05934610150822
1.1693782073468
-3.00249784503069
1.12415884369959
5.43809026570182
0.964511700085649
6.90127467427706
1.48110295716459
6.1485909882968
0.3585495530973
3.13171786682452
2.73062399735428
0.947378726004562
-0.119915057113639
3.35551150704011
1.86350234213561
2.25375740129005
1.91149437809346
4.62054282639893
2.72359656420758
1.58935910703375
7.5695575178998
-1.17532582168669
-2.54111720921398
4.30371224295672
-0.284185404257977
1.79465069413738
5.58231615613203
2.27481178757682
0.364994331937164
0.138466388340585
3.07083960375776
3.94976162720066
6.08825322362804
-0.786200594653467
4.15142898116932
2.68814782250401
3.91698852572886
5.24150561627427
1.58966426715725
2.80274095827733
3.5605290227881
-0.705933846541884
4.44246942555082
0.660598183574947
3.79821206747109
4.21044916062656
-0.708631632845741
2.81064823444748
1.64111338995342
2.34431514089838
1.66060839120728
2.46307754637912
2.23689193996698
8.09938274340115
-3.09078527819999
2.79138414237348
1.71698073760212
1.17622259488659
-0.363852672829532
3.95173633115456
1.12579717820117
5.62175417393386
5.25706575981836
0.572973392348975
7.85715296830253
1.80024861639923
0.376914121892829
-1.79102323005644
4.76380667844516
0.274523330585414
2.04230190667269
0.955125904523721
5.47285473476436
4.03838365043797
3.11406544924344
0.814057758327666
4.13195096458654
1.43993063918593
0.836437338943486
0.10712091499077
3.62635893383431
0.618731509979016
3.7643115293153
8.16030773117621
7.19518305733764
3.46688238247531
2.54335860537617
0.374000820808087
4.58525535077242
4.36509113025814
3.96340742535514
2.34941780790885
2.56085435652909
0.919823511223077
4.52488893759231
2.14191921044049
2.87686119205492
2.30479230047118
3.22696377658656
3.0519587949205
2.81774184007472
1.82113042619547
5.32725606585983
-1.79475805487131
-1.76548419539588
6.33891973902636
4.77989603849078
3.40301325782274
2.78678216412022
4.08768485857304
-0.0866902330452328
5.26386025914263
0.913131189897052
6.20124303893712
8.94996754307915
-1.26768237504198
6.04477856393964
5.09423184915468
1.23482927932281
6.22340214809141
4.24520913292631
-1.01745361333428
-1.65704819948872
3.46040687599772
3.92726878291835
1.26817904558118
4.30049499950443
-1.6067685429949
-0.538773241674711
0.719040465861729
-1.52153123163104
1.68324610122816
1.02752979051293
1.85896457831255
-1.08069388525131
1.67729457020958
3.38115274581242
0.344476774696944
0.0140118293596612
3.02912204111704
3.09434071743456
3.03601755420618
5.7466286750481
4.83428907040881
6.27792098399572
6.09549399682027
1.41260798748393
5.51484305875248
4.31794269921877
0.882812287381821
5.57846733882209
1.73309420315526
2.79017657716169
3.26714697401597
6.1775356290256
3.5911746569758
4.93465086286496
3.34989796068727
0.47220724947763
4.24975261614287
0.0897534892162491
4.03619101162959
5.67572921454251
3.63948544245789
6.78935779919825
6.98181420281162
4.06774362943655
1.560905431941
4.2444020646909
4.22439815958236
4.6337554531342
2.92247122072219
8.79364487115053
5.67456920991146
3.38722969567398
0.664403332385776
0.130823721767132
8.27927043437224
-3.39682295501561
7.3349712226283
0.331871804742855
-3.40461475843803
6.12292005319919
0.686818572154582
-1.14676416646834
2.89424409356739
1.4272021351203
0.324559242676951
-0.0983159815629708
1.97674676659217
0.102461503717592
2.86834316352657
2.61453430376508
0.878709452396152
3.99969821194823
3.98206623370286
-1.26331578581799
2.16480576364437
-0.169107981959901
7.30206021483106
3.73305384855834
-2.76798061631448
4.95585143967991
5.84219868542881
1.99586730135302
-0.460149594336075
9.32602116030687
0.634471993576355
1.97259568334207
-0.31849687493861
1.66082020165816
4.57742571719191
-1.01928579461399
1.01984285017146
6.85759993827879
3.79955346616787
1.66113134073981
0.707439785505508
3.82182345499322
6.15028256184174
3.85210302349348
2.77968588156134
2.13787054910922
9.22572756167648
1.82417175481713
0.458257338514103
-1.61643109842304
-0.335781352846773
3.63238752763832
-1.06879767018498
-0.497480864520525
3.37003742230455
0.114248622211983
4.32168208472155
3.63203233296228
5.07821190080229
2.49289363470899
4.95282883341076
5.48795335748163
1.14953818735364
0.521929525982163
-1.89928685765419
3.5924620447805
3.88803442309644
3.48061967971983
1.11818741620329
4.49684724305477
2.37177107568974
1.87406742546217
2.781395793602
3.0953799429352
3.07321979749606
1.97487430495758
0.055832504294989
0.222115661864016
1.79995183093039
-0.988352202088947
3.64603662948339
7.03720204329095
0.790989985650024
-2.18160981485873
4.51096812083691
-0.521636712415662
4.5842934213581
4.4760892786008
3.67579528372578
1.77021778951078
1.41005334195859
2.55079864540681
5.68941029360826
4.48957943817554
0.0107635241059862
2.59036579049361
0.75700976855898
2.8129640546748
2.68626640110961
-2.35983947226999
0.344918114183811
2.7196838977736
-4.88920893524015
2.39734504038201
-1.79293674967613
0.465898118223801
1.41429456018218
4.04970405107787
7.04536395405833
2.06199021261755
3.68362936511282
0.875804938435225
5.08308899238732
-0.439582057930039
2.36648913033851
2.91867104928662
3.46156771889234
-0.629277429920257
-2.34074942864137
3.6784650107908
7.88497925584754
-0.693132811348356
-3.45964746427987
3.24393183111981
4.05689951105653
3.19437855255704
5.31754504178432
-0.603479420237987
-1.47056486166708
7.52997904407177
8.75945441382879
2.22863140307953
3.45698362301546
6.70052922540708
7.36036065751929
-3.52472582020569
4.8511852656962
3.97548635453284
3.03665558688441
0.478849599004724
4.23795690707507
3.7701964239037
3.15785476689485
3.78163625623589
0.253014422045346
3.69897531318455
1.85402741256673
4.73336397499315
5.71691361709403
6.54991366950526
-3.53294379516315
1.6554342980896
-1.78897916600392
5.63490166109244
7.97917103531319
4.86786321380278
0.620629702197515
3.20857664075411
-0.422422034363994
1.75075859343866
2.132244754835
-0.789215005043784
0.77007466341619
3.35194394737772
-0.150567987545986
-0.220728835263675
1.62136311655863
1.4885912619252
8.51654435764646
1.60878621736379
2.81663942831313
3.12430239076593
1.51553942640747
5.6890406107236
1.26522097226901
0.460593201248446
-0.0381166000378387
1.07310662042845
-2.3903324361391
3.16286116178653
-1.07054499281718
1.94624948718351
0.608527074171503
3.55126945748992
8.00114112527205
-0.44262699324195
5.12382622974279
5.08030268695535
3.6914668484947
2.57893953822765
3.39596338204437
4.45578822419745
-2.09527196241727
-0.818704661615979
-3.41328993416756
0.0634417301401298
8.74321553285196
-0.268079874346668
2.60778060067054
5.68504968184257
1.61168976259686
3.4734850410124
1.62472293397717
0.872776784359247
5.35103857570587
-3.08420047113251
5.38157919756658
1.15511878847429
-0.727435050728026
5.16522884937352
3.37488319555014
3.89562918609181
-0.46310894854537
1.55635087089474
-6.56867355172309
3.98387606668768
6.44305507609091
0.994356832526483
4.34842123266393
1.10728948427404
1.36061351252797
6.68980605904405
5.63107637609139
-0.118845036542833
1.89744524572386
-0.0353091018220937
2.53621318792471
8.15746690648038
5.92422512143098
0.254677981995486
3.03568134008255
-1.34933461841694
1.60911132561326
1.09991596566645
2.69149064241845
7.04708766877055
4.56565099061617
3.71780201472786
3.56021627675008
4.17083745103526
-0.0772586450901065
5.51920655573538
-0.956184161980965
2.45705253412955
-3.38513745107688
0.263066423334461
-2.04235760397813
5.09501437909186
7.57845322373357
3.15759299059014
-1.92910950250444
-0.230697548511787
1.98867736370105
5.58893230797619
-1.1281422292942
-1.48081812578305
-0.174474151315785
-4.51547478558838
7.05236592654509
1.12256681573263
2.22590469759435
4.43288035791161
6.46317549148404
0.603187053789536
2.06742580040663
-2.42947314993402
0.423627446868398
1.52104093065997
-1.07113127752962
3.88679546743627
6.50885205461295
1.46262746910739
6.78609193878524
3.26623956573311
-0.437076435454979
-0.0152864298345695
5.38248005210819
1.64147345638207
3.59662734789213
2.41074913756473
4.54523994363475
2.2138718471327
4.44035800343895
-0.886236074761359
-1.03507162551718
2.11179572913318
1.98972361431168
1.35490985003786
4.4695333098152
10.5955706924935
6.39298496616109
-3.166067505601
2.84723374860876
2.40084314000863
5.21993647952329
5.16215638126874
2.31896526891304
3.40952926120685
2.88634154997375
-0.518255633719176
4.70047379024166
1.772286111708
2.66846437951192
-1.58375428089135
4.33889916403392
6.5479020117765
1.29540455293499
1.42767258418561
4.98203983537538
2.22494845357362
-2.95134517417146
2.61015623346717
2.62032026036478
3.76300938674144
4.37644348163833
4.25978643206066
1.16160242963423
0.212658658755999
5.42661322959154
0.234281264456028
1.3580586847561
1.56813073738455
-1.11570920600156
3.8728820471948
5.4893036445452
3.67600402490824
4.83612413449936
3.25861283869307
2.04392760826107
3.97954079023933
-0.431901678744781
9.15120116094789
-1.57457568947638
1.47657980424394
3.76606079207022
4.06552259307695
3.63298483085994
4.89463136449949
0.560275933971241
1.86223124773653
2.97873430304944
1.1810039373821
4.73133977282056
5.698960286156
0.00532386055218126
2.88096085998278
-0.972130323311378
8.60171614931962
3.34402486781016
-2.18294176743152
5.34454206848491
6.07700466395685
3.83902843262009
7.66021220245117
7.01385088229476
-0.118480641529173
4.10080007049263
1.87493451693146
0.890746364947067
1.1299600595202
0.5168977263467
1.848511547757
3.57487153967661
0.191697500465856
5.97274518799339
6.15605192422745
-0.540600160675086
1.08966116735356
0.198380429515249
