1.0376671395461 1.36155924096108 0.963575259703045 1.37059842771459 1.95336384555831
2.33388501459509 1.06504061245886 1.97024411839215 0.830760518899065 1.53024141343578
-1.75884686100365 -1.17556627710992 1.07076739198409 -0.847896678886684 -0.995682553578393
1.36217332036812 0.479862050445626 0.25563376452503 2.04787178522743 0.633452330519793
0.818765239858981 1.15176235718191 0.494678160220415 -0.116636745592868 -0.351713937047496
-0.807688296305273 -0.907087790119815 0.875811863928086 -0.198570962306511 0.588815285447734
0.0664079776943164 -0.611004175691143 0.424210182157016 -0.923595084129534 2.27417000116086
0.84262446653865 1.14795732095279 1.73138145737932 0.39036763936089 -0.380880527233256
4.07839693972576 2.30829509356627 0.503952869191575 0.397287891067977 2.38887260198517
3.26943702988488 2.45093194980937 1.54978570905651 0.177283395642592 -0.0204150978651753
-0.849886940156521 -0.591443557650797 0.475875158941502 -0.33958738684042 -0.306663274686015
3.53492346633185 2.53658664617756 2.4905510475666 -1.1605510053617 0.765203348290233
1.22540422494611 -1.11631694992921 -0.922797228979613 3.51248657298612 1.79729411597975
0.436945126810344 0.834858378549267 0.534703919614238 2.00084046291411 1.07431110939373
1.2147429038261 2.41169449629074 0.880444963808268 0.141008374589124 -1.00960574384642
0.295033941700225 1.2084518368979 -1.71967110768494 0.385120670548419 -0.200325729539928
0.375855651783688 1.15423065463701 1.78275345797499 0.85890114621944 -0.278671298768245
1.98969760778546 1.20203353539022 3.51206690725549 0.487862645484305 -0.00458044848108563
1.90903448980048 1.49021915771424 0.573600896168847 -0.0703597609976977 -0.380357086592205
1.91719241342961 1.54571508550845 1.08762776797915 1.43403476950694 1.10399342656928
1.17149713360808 0.980012587796622 0.191098273709042 -0.63831679352901 1.26343986881641
-0.707486922685038 -0.888866951706431 0.550042398967931 2.45723819452661 0.645844780589237
1.21723865132884 0.648541442267492 0.238012436037255 -1.26322947037875 0.690392328177807
2.13023528916473 1.33832114186356 0.709368408612023 0.176665670153484 1.17888142413025
0.988893770311789 0.408813526602263 2.12689205181408 1.37259219265566 0.805656927327763
1.53469300991786 1.79028517508486 -0.0351552697711432 0.617915390670191 0.256528442186258
1.22688513338324 2.96681055314116 0.337910471810034 -1.00305479490999 -0.332275306119473
0.196559075213984 -0.74073195605593 0.232987424866824 1.42183521978273 -0.455238024174411
0.793871467096658 0.778995090932641 0.442490983205086 0.663244913148377 0.264657760984933
-0.287282803758638 -1.12627300494409 1.60117105534528 -0.314670838823298 0.493347074500798
1.38839563175764 2.0750439467403 2.78776013661057 0.903710088607217 0.397806165237065
-0.64707010696915 0.939687135833729 -0.541855863483991 1.25615740753492 0.864733070380443
-0.568870458168032 -1.47135665118728 -0.504820974877098 2.68443968219233 0.982192033250359
-0.309498694424876 1.56924836605879 1.0397656401792 0.406217456343082 1.13802514304318
-2.4442841619949 -2.13432925898703 -0.568387134580993 0.205793911016677 -0.17660345516916
1.9383802928151 1.54448335570619 2.75274975916042 -0.0048055943716554 0.283021093961385
0.825190539456198 1.57425768566151 2.26938011649014 -1.42699901219944 0.351774083687649
-0.254928319169703 0.164794010475983 0.908597428278463 1.02138066717758 0.235789960721599
1.87029854009523 3.15871177446741 1.55299225134235 -1.55441117384062 0.363896044293638
-1.2115164188537 1.67513645076417 0.103124276486218 0.230162488009245 -1.2925684309425
0.397757553914509 0.549308712201148 1.23769467154409 0.224967942012785 0.894306249745246
0.258552958392642 -1.17052119166291 1.35989883908666 1.34514475283814 1.12152112294423
0.819206739165502 0.399529648800519 0.665328553742506 -2.27118143773627 -0.0553997819987612
0.812858596637428 0.00922714872260028 2.35707337525628 1.41807490872273 0.33780703874318
-0.364879917324456 -0.630730642011584 0.904205658507889 -0.0192543438120222 -0.0280939246122136
0.469948703803731 -0.420186629347307 0.273897101098483 -0.793012166248219 -1.42893310568219
0.335120980790962 0.463623704541253 0.836412369519335 0.491281907325067 1.57183514481235
1.12770728752873 2.56192809708186 1.90503271864383 0.733352680864348 1.16959744669681
1.59326566903948 0.583281486916632 0.258987002381445 0.0758043007032173 -0.650057873601221
1.6092732976144 0.941151449175454 0.610504502189559 -0.969448675931749 -1.24130834277146
-0.363652821988714 0.914988310419584 2.75711136781711 1.70642031613296 0.363818267303987
0.577359091130425 1.51667258968966 0.174832888403404 0.69734222147388 1.20654940798306
-0.714117043615409 0.159962563477126 1.22810966269198 -0.206875529172642 1.17445130974429
-0.613500741486764 0.652712744064729 1.17734676240228 1.71636725971669 1.26707061079003
0.493150671896652 1.19247122000493 2.13443997953915 0.867170420865361 1.32594140587678
2.03263030828475 1.11417188216373 1.28104334977887 -0.767515562845859 1.96592862688649
-0.269665913753682 0.381314873430188 -2.01382123655279 1.12105007065534 -1.04566832308844
0.871378812760058 0.483522871637709 -0.286578742388229 -1.29545459639123 0.600931312527369
0.274415597728748 -0.355245457362377 0.863674250259029 -0.557839477251512 0.235225420028139
1.61735613881447 1.67821005229434 1.03819367873037 0.651544481448913 -0.203435738045725
-0.589064295052236 -0.0994757043684896 2.20168961723114 0.911264068204347 1.28453528090053
0.532557464164974 0.369838042625874 1.85850565848216 0.570497786209933 0.508698039052378
1.05252702111222 1.06489817666925 1.12393177058597 -1.43302660372422 1.28926176517202
1.60061021788087 1.95052188425787 0.899624758363785 1.31872201382173 -0.349381347455631
2.04421189550395 1.74087479320441 -0.661133693652886 1.76175710906169 -0.0780919865391209
0.585931133175425 0.707199779126095 2.35262474160471 1.66734286458427 1.15813370636346
-0.991590310637609 -0.171126221196689 0.360293425480551 -0.0703299948780246 -0.483658352606604
-0.242301837259857 0.0955951471196462 -1.15019525063047 0.106102428421908 0.540003710143215
-0.561581733319986 -0.756522035143524 0.632548469832647 -0.517434018191645 -0.0972715663630817
2.85045722400204 2.53969970272354 1.1491169767555 0.750205871646325 1.62456209586412
-0.115601881466894 1.25776443191466 -0.0381342952801792 0.752124808964812 0.978276990490609
1.24807678370399 0.521567203188893 1.07678304241181 -0.271478905272172 -0.0530773068428166
0.307581489411736 1.92675563749639 -0.0353064379662004 1.41954545836069 0.0581230865144173
1.38861042542072 0.892168217446341 -0.653794949367777 1.35215754844978 0.273730571205389
-0.264849236567874 -0.153909831929892 -1.38722650764409 1.15712618971085 2.97692185106235
-0.902268969338759 -1.05944190857122 -0.224810965913536 -0.253464340423204 0.300686706742834
-0.922375925091496 -0.987295047140538 -0.474924502299032 -0.838501825721383 0.0338165909838463
0.988193909859941 0.0305365931532615 0.931346712278606 1.15222508388382 0.436901964125848
0.322624843381175 0.676699269417846 -0.964677891653027 1.94721667524889 2.27512355657808
0.303946512192667 1.65998896644453 0.417529129691741 -0.790125974033266 -1.45523559271276
1.91931015064255 1.77356229129907 -0.630405776526678 -1.70818920004586 1.14835816419243
0.791584373984183 1.35831246531199 2.40765426651374 1.93610811650967 0.0824730244387243
0.697811053464361 1.69216384971538 0.559736106711294 0.438327797244094 0.219823087223161
2.08769908997406 -0.54700729955933 1.7627471540228 1.6778064543541 1.39927936147632
-0.304465956349547 -0.116727031545491 0.804761780659567 1.48551341781346 -0.220427989097826
1.19662441584961 1.20038690113149 1.56021513344027 -0.718578395542881 0.673399944398938
1.33508816507268 1.57485587943573 -0.386250355575888 0.0681217099307654 0.340587315132911
0.256284859622048 -0.690110395212061 1.54648530860956 -0.334941294297264 -1.0375338993731
0.715670086403744 -0.175293109553015 1.85830059661892 0.679680103648401 0.724356752573348
-0.665843931482049 0.433040416908629 -1.67832588320388 1.66630242503443 1.30192394737783
-0.647952778898594 -0.282028730266241 0.0867330833581416 0.555985942286178 1.13616907806777
0.604874716016494 1.00539673991253 -0.0592871696315167 -1.60004184572021 -0.474554842597648
1.222254032225 0.164836575559682 0.700956605233372 1.73529708942021 0.731247837829683
3.08549125261624 0.744252834935516 0.0250204145674139 0.50267152700952 1.11028340159834
-0.166890670701386 0.708825823072636 0.714722212287081 0.0404632081796665 0.930751400254668
0.68733102457894 1.56704433610982 1.23877189966787 -1.60317659187082 -0.302109793324843
0.417505574629045 1.75614911751413 0.885227178890617 0.873921684965675 -0.671190544387129
-1.43302291785099 -1.8855654330832 -0.155173454354223 0.745180507935031 0.816129503332392
0.0610338460652267 -0.832861616137049 -0.978237816448496 0.838579197802804 0.878770138920641
-1.29467884145512 -1.75588450327989 0.0497856796750436 -0.578065162319935 1.75248205665352
1.34037552975391 0.970894858415184 0.156166226551911 -0.230162332452103 -1.16844010659044
-0.38803208232901 -0.525225117500136 -0.985798357544287 -0.416327269903331 -0.0303989325209516
0.600092833139322 1.61137954690427 0.596630521304505 2.2875531754024 1.28296507767866
-0.0445289299905477 -0.99077062398012 0.0412164959295939 -0.3204035291977 0.236491546121392
0.803520794649354 -0.711766899688478 0.57370667529069 0.303288662146032 2.44843628069345
-0.100326562133734 0.304047809353513 1.36767103015333 -0.390143741968409 -0.0378214402038969
0.989965321173948 1.74832351152495 1.27893946900248 1.41074861362809 -1.63386717503638
1.23936312360447 0.301359395517934 1.84031090290693 0.487734750189673 1.2126591622973
2.21188778298155 0.514623531998557 0.00497451860622483 0.572814482378082 -0.856191903441647
0.305876464241735 0.264060795998192 -0.396441010025269 1.43941630823769 1.97620418579902
-1.63835526943994 -2.09217050426708 -0.183833259937905 1.17523733838125 1.03071391293062
-0.339588747336614 0.0101222284329585 1.68200684212907 1.28596852407999 0.319981046928819
1.85459432800464 1.97546640959566 2.12442901609499 -1.63274069297792 -0.886811076808697
-0.572155288384252 0.0308975056746316 0.184716232166131 0.719929637208745 2.36380534936925
1.46095386974057 -0.45082359916584 -0.0804943193555681 1.46628553872955 0.996541613612414
0.624049800003193 0.144972422971917 -1.01101492282191 0.849994108352768 0.0907779774434619
1.93669662271894 1.12039213487427 1.41196628609459 1.40181528167556 -0.000480748047081425
-1.46089999936503 0.774325705104447 0.311444072930441 2.62118841832313 0.747489752731015
0.30230177402585 1.11326246668837 -0.596020783098781 1.74858666522948 1.98061859929973
-0.707845485259799 -0.270371863887461 -0.0733836244178058 -0.623185797447875 2.14750159890216
3.40800803072936 3.29229448070115 -0.570594554205261 -0.33008507330718 0.360626536919072
1.32521889422849 0.159342657809392 0.979672211194778 0.378221260433197 0.894143920926981
1.87897197791661 1.04876973848176 0.57137986509854 -0.142591056538288 0.688313328344734
-0.558180257987362 0.995140773791018 2.01955850320977 0.42105003344287 -1.13144210752332
0.0313844188993759 1.42073699420586 -0.768491358507223 1.72811276969363 0.88312513827723
0.227530590749813 0.920819150079717 1.4644766215454 -0.0313658351838826 -0.0942533978895186
1.59842461788862 1.55165658825587 0.908762920022761 0.213895199455247 0.0236487850906716
0.222128067212361 -0.135624071333705 0.466325021001071 0.27239434506381 0.306652806779271
1.20154145816328 1.51684459523739 1.41331593309724 1.17452316858737 -2.19749920038438
-1.55181629991115 -1.39361375579121 1.17008541871851 1.53684000012563 -0.0123332974628761
0.146150002225567 0.747306586654884 -0.557259951647393 0.350537477095578 1.21104406215245
-0.323586525156853 0.231321191022098 1.64897369274151 0.182918656088478 0.554936062714594
-1.0770570227992 0.465210801544884 -0.880845955036486 1.43359467369858 0.181236698854645
1.00797465090595 0.4640905140862 -0.487909559403911 1.22328408900203 0.31068513723109
0.781984063670556 1.17810235132471 -0.035519678350696 0.988184813355146 -0.460534916144091
0.533479882244451 1.15463039445833 1.30382832724238 3.76619872763886 0.46994095086429
-0.833677943428106 -1.01890845733746 -0.899441983071064 0.531700757794028 -0.0648776355307982
1.62749227834159 1.30149124242699 1.06736288350801 0.841274934535395 0.385890070447986
0.850179410603312 1.98791077538404 1.13121476826423 0.416469011117301 1.05937520372376
0.200933969667018 0.410512150275203 0.60164854222089 1.1164210910016 0.602667943740396
0.52288979275163 0.266833928013355 1.01424411908062 -0.0249991939181058 0.316850358563724
0.238004565033908 0.708130426312465 -0.649881698439505 1.50770674116118 -0.117092610620328
-1.25021236844679 -0.770208085522209 1.10452146451799 2.32910223666155 1.82466838418827
0.21434902840467 0.683124304069832 0.597830048979243 0.585288068637472 0.747777905384546
-0.331366511567624 -0.106632008318855 1.03181575163709 0.43167527528065 1.04094630994534
-0.479206305167302 -0.10218636689133 -0.656282790048732 -0.0634654068453704 0.602166609485313
-0.656401655664002 0.174790546607368 0.365512699645034 0.0264259417297686 1.19667712471418
-0.0335571093159874 1.26971810588425 1.38489818475245 -1.20353451990428 1.64126059068745
-1.50263573588306 -0.340081787625269 1.13312272583081 0.446279951583512 0.0663433338357717
1.46422942263163 2.39724457921591 0.775471588905905 -0.381344065999289 0.855329818040313
1.02006010145546 -0.810653507808937 -1.40542328441979 1.75589143370857 1.41675353423959
0.479972148357462 0.128577839858549 -0.617979840685625 0.655841550539976 0.522578526674714
0.465228913971517 0.66793190975247 0.72973695532363 0.554932680706436 2.38429879430108
-0.298163584564142 -0.64703652176511 1.03098508332773 1.89855244274348 -0.179133310727073
1.51868528212858 0.0904470385505704 1.02753916849514 -1.27564837651376 -0.331437073624875
0.366782520492265 0.913697577319829 -0.0620578733266479 0.829654061942965 0.642254905714925
-0.214530163787158 0.561443104693524 2.60593445579627 -0.557902771151068 0.314091081121906
1.85138576842666 1.5423363852919 0.869730995216566 -0.143369160945602 0.153043442334937
0.275228943947416 0.68139026426322 1.33817648334977 0.758440790037567 0.0816746780840417
-0.0890290307208013 -0.549867692078088 -0.110032887327063 1.39169430401487 1.48626612783817
0.206246402264584 -0.0744028612046297 -0.695226799932896 -0.336622410705379 0.273492586219523
-0.347926243637934 -0.0940931998276824 0.987649018501128 1.05314824537458 -0.179834241630203
-0.620128301243728 -0.722340289088524 1.21859016885305 1.95840931889532 2.46991331410118
3.02599969211831 2.28110451685612 2.81446012815756 -0.355082178756608 1.22271257423581
2.15549759288735 3.38547834981154 0.552027787558407 -0.492122616634029 1.76033647280513
0.807535159238252 0.298736520767145 -1.07346173466918 0.48830058280236 0.47145248787101
-0.757118359352053 0.263687549749381 1.88967256832121 1.1269107347819 2.5024988713844
-0.365468030554804 -0.846820592120215 0.480912572401205 0.501499217010481 1.40139570090313
0.323465885768549 1.46572320978442 -0.49995756987146 -0.316326737567923 -1.43483302231839
1.29141606162863 0.199537352314117 0.0163519666830253 0.615147536198142 -0.716713933187375
-0.832004421315247 -0.13223017177139 -0.533894063892278 0.707068664865499 1.11325261547316
-1.82986715580508 -1.39279497777148 1.10377423381808 0.0554381908674077 0.297247153154593
-0.949097292838739 0.0401541392859199 0.838494934690806 -0.62048974268421 0.134995380727176
0.833510833065806 0.70918983672014 0.804438740064586 0.935357962622282 1.64012639417442
0.891353604432901 0.69962126164638 0.808260317032589 0.517088633956889 2.17121555776649
0.951679418928238 3.13028168440941 0.0845455937431617 0.13701437113811 0.810733651646231
0.369715346854279 -0.0822077467093111 1.37890441557172 -0.1312374760797 0.498511457305411
0.683689095861942 0.572709937886611 0.869673693419045 -0.000324984627310454 2.60538798481585
0.0238469833809262 2.36072859864594 0.418550468975725 -0.367193173170075 0.316099172152475
1.36202161155692 0.0998604179909184 0.377699383821006 -0.540093156614957 -0.149464871646605
-0.861694470870754 0.12538231385056 0.18380196851614 1.76543147184901 0.170059158356676
0.955029556444334 -0.0881489934073986 -0.381222639406853 0.258542142459189 -0.269097611080731
-0.348709379933659 0.815286039309238 1.15592709236061 -1.22903141690258 0.234238203053306
0.165113061035952 0.561091686602539 1.82273197373171 0.0117591163520469 -0.441112297033369
1.05278334594455 1.35336985658268 3.08702888532729 1.56038432430823 -1.10878610005
1.53909065350496 0.900365498992716 1.17109174155218 -0.0381539717100261 -0.866557697284132
-0.617638683265208 0.0255700650200921 -0.500663458359754 2.27733767442684 1.28285662709512
1.7606587091209 2.4344060085298 1.09527598572883 -0.279518792022342 1.41333065431542
1.16014314104698 -0.923995349249735 -0.577034914030451 -0.252971923146654 1.52771030854602
0.432134446457313 -0.847351912062606 -0.274547892769377 -0.533133372662835 2.55950762248894
0.304778802101246 0.715242430843753 -0.139775411018698 1.66383851849648 -0.329310812894992
0.282393649856808 -0.154378891572327 -0.421129644946691 -0.0801060633854178 1.72094383157867
0.196892378648259 0.0810567748636768 0.778347227411336 0.91730238785307 0.663490424491767
0.523045624425105 -0.68370772650298 -0.732184253489435 -1.14812502119684 -0.287956110098556
0.551290355848775 -0.193093344352897 1.07012104981965 -0.0726754551087266 -0.0323001482511658
1.3260627902116 0.672292438101996 1.39998893084058 1.15923204167785 1.50349697572168
2.02697668673337 0.835547479200856 1.74403749461588 -0.780401597771372 0.880542087439045
0.9669144356847 0.0869606411231308 0.486820521349231 0.550124050176224 -1.25966157210532
0.290286661611263 0.0366945726131807 1.01915349798328 1.04840293762028 1.61367391478991
1.12519035708763 0.120981154828083 2.28818036194773 2.27844671267249 1.66424852864841
0.683227263001437 1.68344333160722 0.722485315007987 1.14108717450748 0.396660051419401
-0.529767543566621 -0.908608295975864 0.0218172108218917 1.44670337846871 -0.272099595044588
1.44922183113102 2.52388724879339 2.5992409361045 0.145745005642966 -0.324890391338997
0.807061919146703 0.384687866281652 -1.92131056364276 -0.0788171746652359 -0.82691155666124
0.635174942099456 -0.580287610674232 -0.0631671725478785 0.556473317114039 0.462094499888335
1.01524633552485 0.314202355260937 2.91002008962542 -0.393322693369205 -0.0594759333590443
0.761406324055383 1.40444456426968 0.186214759213167 1.62207787049126 0.41877303424428
-0.441485770955434 0.779851942620911 -0.128844885417797 1.27582876845974 0.872057978121549
0.337662327196172 0.530779217716621 -0.711857333155114 1.46249561934659 0.40118132339861
0.353945365668474 0.642287475595608 1.27240151712134 1.76078405724357 -0.910747617732893
-0.0320113768088207 0.6871176355477 -1.59962726455599 0.392081484134747 -0.108196609370011
2.18210359466318 0.342028661531017 -0.0886374573179921 -0.0771575476115143 -0.128204568357238
-0.375729346160017 -0.490805388069752 0.819302121133056 1.02563260373403 -1.07603554126393
0.0161849498898789 -1.25440848774883 0.218815693920258 1.65195969555778 1.5981754687288
-0.212004549027422 -0.286485193295991 0.920815323073432 1.35837886330121 -1.45119447339783
-0.674212331456816 0.55489236400696 0.48332428175694 1.44557619934023 1.10271342545901
0.307760482460725 0.958609417032265 1.19692407403159 2.00613043331793 0.512373343159179
0.225929770067398 2.16582074657704 -0.580849000282934 0.795337944570782 0.202175633290649
2.0300725144241 1.55142563933422 1.03525008994744 1.70409693529496 1.37539008935106
0.250975257486286 -1.37460744686802 -1.29235473313893 0.48815419391519 0.200231226294328
-0.564213412889327 1.21299139820774 1.21954603755199 1.28950035348253 0.435645194542168
2.10345729812004 2.48789897654608 0.646213431333742 -0.903582205462484 -0.634687766495448
1.73467914689078 0.774702716656665 1.32740395981679 2.04210605249637 1.91143575044702
0.27037354903682 0.54031571392897 -0.0475222243051001 -1.27490678286166 1.1166026642219
-1.00615970397972 0.219865355902088 0.597035172919012 0.705656538447336 1.21369971300185
0.0553721835530146 0.540989036200381 1.47692742548373 0.153790091106162 0.951278793920866
0.344058964275231 0.963528916871788 -1.39112372769204 -0.658982844124021 0.979963464872518
0.776068253931536 0.575468505019887 -1.27616276484082 0.835826335962241 1.24739235499508
0.238836354223521 0.312242851791671 -1.34207448845095 0.83224306048862 0.952586783228517
0.943421912904091 0.836524051032787 1.42459852838184 1.91120936103881 1.4011046091459
0.891894209432449 0.103411747086391 0.894340934060639 0.636862924629905 -0.16740400702217
-0.750678906826407 0.887961150943461 -0.292509171947368 1.07762813405823 0.644279364286182
-0.447960922331432 -0.0637112060951665 1.77213031223323 0.74308798596181 1.08787463341458
-0.241106093940411 0.604521021902901 0.554732687799754 1.96767112550249 0.0827093204010721
-0.00781755027817366 -0.488637437085603 -1.23369905810055 1.6305539984233 0.726859728343736
0.179424493399761 -0.55253355794261 -0.66497880712355 0.510653161048505 0.318407816812689
0.512469041361618 0.434707623862066 -0.856761756174047 0.624333691635181 1.74120911185989
-2.52917734140415 -1.51972387119368 0.799595514310524 2.27943113686421 1.31882831657676
0.0429853591284174 1.18165027038436 -0.057820159250366 0.260527730270089 1.52446512291526
1.74244840639074 1.73032001132585 -0.333121814043107 1.35799247172804 1.28168809426437
-0.56670139898475 0.292390703938823 -0.221786384634885 -0.378354781299061 1.31317218982383
1.43372816267124 -0.0957146377691748 -0.272999939943715 -0.261946019316487 0.255022793937813
0.850321001356112 -0.063962445352141 1.3046666787153 1.36278270252672 0.785382789859474
0.470994236291274 0.644237612348774 0.979648864372594 1.14830514404907 0.0141953869583914
0.682452167505983 0.331168922035506 0.796367795874149 1.55809227042019 1.09136036490029
-1.06505601415073 0.593036783633863 0.721246098527466 -0.133191387484819 3.38552165529091
0.415460520182276 1.5221993672133 0.659094168248057 1.51798941829306 0.799212600339211
2.10394635060288 0.997729658841374 -0.162118228496968 0.671925674500957 0.489711694558209
0.598347774640108 1.25911714637741 1.13507765125918 0.452525911516173 1.33142057291557
0.541373613489615 1.64118407763999 -0.152517115453211 2.18914546929209 -0.694198140887496
-0.234169112696739 0.316286709944433 -0.659499106783617 1.93704449250503 1.89284241122641
0.46918626998768 1.78021772872847 -0.390719528886304 -1.75107830229662 -0.780662940513687
0.732347012624477 1.48935485486166 1.50024797191914 0.856489129614669 1.12733901524428
0.926387557408945 0.927116724873038 1.56289867319141 -0.350241546233911 0.600960219166283
0.127191258276496 0.977757316538684 -1.20117234429117 0.200448960986402 0.374418735105641
0.263545416242814 0.51365285877855 0.327803700207322 -0.134248593240228 -0.32963598729294
2.52369088660305 1.38230080414769 1.1088114000282 2.12447736292239 1.23377578363931
-1.75835397049619 -0.568245394781572 -0.510754262640782 1.74107013210744 1.85005321070352
2.7294456804569 1.86664554270944 1.69122277397083 1.0552805424653 1.27990715486557
0.837563700613106 0.410833285896571 0.779036826682376 1.20341761551501 2.00856839754967
1.50006081958912 2.51685214536809 0.728150278812688 0.9581633390878 -0.768901284283927
-1.16416447498706 -0.321480230819826 -0.354002504848246 1.1839839901931 0.655670097623859
-0.0900345642052215 2.33028132937129 1.31490603255541 0.751289579561714 -0.772812883877196
0.221935836234691 0.096229195063085 1.24256337784887 0.321496104700546 0.576618614525376
0.922715691220478 1.20506585628028 1.09839675276219 1.00772583022758 1.13223373658955
-1.17020069785047 0.763976111727497 0.0905116306041724 0.190100881827404 -0.31413568679171
0.971634326416303 2.96636469441809 1.76491545888886 0.105629753885235 1.67803270182784
-0.712847199674459 0.0151431048681595 -0.596131640897863 0.230261457668947 -0.0192100395087433
0.566190048424611 -0.0924927538235388 0.574995450265787 0.411869827842534 1.0932091469576
1.15235588866137 1.53411771920212 2.07186036287519 0.508029274423943 0.16093340021979
0.827059967177088 -0.359686181580698 0.248526243466131 3.03179561500313 0.26335626250117
1.58263350423676 0.930503494840808 -0.133327363980275 -0.723243057666795 -0.466919973328157
1.50607711081905 1.3211398037735 2.6226312136979 -0.571750606547083 -1.1360690073547
-0.150907736597753 1.30109816427022 0.278104455930381 0.746058645413183 2.03924000236888
0.757056157433969 1.80394691429224 1.12556249306109 0.449388522702123 -1.9079152940555
-0.444377806404219 -0.0886758010909298 -0.47489528791915 -0.230150625300169 -0.910012301857263
-0.821788521392564 0.446071939265684 0.60836242645391 0.826987125798262 -1.37907983192234
1.42482593349371 0.797871224123589 1.10803007621456 1.2529909132822 -0.665215595854438
0.500049849075251 1.02892981836549 0.570568565458224 -0.653721546509132 -2.46617639067964
0.445081085390593 1.99928380206569 0.998379177245138 0.0921329502216233 1.00844629557769
1.41112726565386 1.17208404724604 1.87198731376655 -0.787906431181145 0.282044309773458
1.09458369740905 0.616321052090216 -0.779699731461088 0.583577687082712 -0.493373369420161
0.850201173874535 0.310092882348845 0.720395327008032 0.66379930050532 -0.741930679128749
1.750251228305 1.82332784144016 -1.1190802022565 1.18257471353353 -0.654835506854251
1.42978945855772 2.12770465676844 0.847376368061433 -0.586367615234438 0.00989697966857123
0.73976325705858 2.3444019117207 2.64215431295679 0.797492378480315 -1.42173994047448
-0.190361103111226 0.129019965683347 1.28463903043691 0.356691744410371 0.869850579997546
-0.151553641750281 0.239496549375563 0.379243743174161 1.8919536602122 0.690379535449329
1.69210187053127 0.709095729942768 0.345472522577992 0.806747373328607 0.226002159208078
-1.11183038867781 0.822494960965584 0.853722866830133 -0.0371842017832694 1.03161129271614
0.475538063364082 0.42496385866878 1.51770103916867 0.271067757349192 0.792972965067467
-1.4488471768989 -1.04789802080443 0.0772742261410513 -0.0362204023604927 0.055034294462883
1.52049801445265 2.85969143815736 2.49639828003198 1.93902127211766 0.817968198227042
1.36171630239342 1.66493466645442 -0.0418656817344328 -0.0110996879648788 0.267126380810385
0.501162083483514 1.07377149351192 -1.37530803644219 -1.10683544726011 -0.434755914316435
0.42916278683952 -0.346959235467179 -0.343971334818143 0.298756978039981 1.54873548617746
-1.98628392070328 -0.644581061836182 -0.148115652943107 1.64350341027786 1.90657825046458
1.08117232267592 1.2648182677055 0.304927241804393 1.16329108088833 0.703577662507601
-1.6924349199659 -1.68925656585286 -0.873626678912185 0.664084365770933 -0.473186184675153
-1.8192803066433 -1.07220374542802 1.31694291313359 2.28540550916262 -0.292190569458219
0.57993371029844 0.224022804939714 -1.09989662651356 -0.0877114773652915 0.628390606638838
-0.448480983570505 0.353198782193661 -0.116274770467761 0.759036307753291 0.29253150669433
0.911490621423374 -0.0586759184381199 -0.463156465299093 -0.371833515477914 -0.471127686971884
1.17697780568403 1.77740809989389 0.282194998335164 -0.287916533267687 0.471766195642216
1.35773254520536 2.44253929642032 0.200737799791404 0.155660259931322 -0.729584818232022
-0.191159125382991 -0.157699091325484 0.79765468851995 1.14761709108629 0.963066080635762
0.949377623166851 0.76266926870512 -0.425692090862025 2.55412674418054 -0.649101250031167
0.600633350315076 0.965688031417177 -0.229089365667197 1.29894174703009 -1.74439889937798
1.32606999846992 1.95824359003015 0.884108145760643 -0.571077460569652 0.0818688194524256
1.03615707992592 1.23930843171453 1.7159686749734 0.294844510704788 -0.503121969696847
1.39788842598508 1.3563699294287 -1.08828726453513 -0.0544431049001722 1.88929560832595
0.368062132075419 0.0345886069900112 2.17951336984054 0.207056901282822 1.78634752135615
0.352798543848733 0.226481370720346 -0.408723382102699 1.68023198111923 0.136295782531019
1.50777340530544 1.59537221305004 1.39422496978913 0.877395064531764 -0.371725955372017
-1.62365546241575 0.572087151616192 1.26654341323684 1.49157435763539 0.486291547039944
-0.00458640551400991 0.651963015763205 1.74551398059054 1.10345188444795 0.310994077735059
-0.77059444980866 -1.22718007328432 -0.378980959438266 -0.292886121910164 1.69875110774141
0.117415197292352 0.616897429546003 0.490488359788598 1.43081805262035 0.344905280364626
1.14867926204862 0.815510958429372 0.462268125066152 -0.85038833449603 1.41107704599181
1.32572714924176 0.800192339172735 0.0504145311965692 1.29978947648513 1.87220398337665
-0.514943642680137 -0.284317116045395 0.539922324286554 1.09963742144227 3.08874226953701
0.0289300873168334 -0.48645532072081 0.667371703987489 1.60042887873631 0.348302089860611
0.63702487413005 0.325571464406764 0.151930237686154 -0.919741823398248 -0.249614531041296
0.208136624246427 -0.30265026045665 0.492194295439357 0.296363906372472 2.10114160127504
0.801818555261006 0.389121110805349 3.12975263289745 0.517913067196839 -0.21986830532059
0.899930942955802 0.83377502368832 0.58433874769499 0.60035143937113 -1.25875207325142
-0.429961558940129 0.0814948156531058 1.02375932170437 1.37635660485298 0.760247370210438
0.323169734070768 0.221376710007921 -0.0077592990617924 1.20069420761874 1.13028909287489
-1.63209459916153 -0.901345943196616 -0.456191801426648 1.15201577008612 0.274756025804918
1.64536171051847 1.21416760220191 0.395409621268763 0.678530389053621 0.192099447825712
-0.129090760994156 0.489171307803342 0.970272919986354 2.17601040055534 -0.500171476601016
-0.703849974002218 0.802994992303309 -0.393850592302608 0.174902559351337 2.12297673454335
0.246055316577188 0.843705231192923 -1.2948090562197 0.601147834027349 0.717533174466645
-0.928646864632098 -0.586527208747631 0.237471798624132 -0.0766922288178504 -0.151959717646026
0.4791423822984 0.965898000780016 0.130265110926886 0.438471890220423 0.881388483627739
-0.0606649965281846 -0.0328251381993985 0.636231257877862 1.22558776291264 1.46265435877252
2.67777870918415 0.382077485408855 0.839945642595407 -0.727341829112012 -0.772585183077573
1.6384653873296 -0.694712150758218 1.20362650722054 0.690930596095802 0.758898088234177
-1.9968865031845 -2.3690081409686 0.707208687351854 -0.234818377099906 -0.119587557339344
0.941326931727609 0.575094350262882 -0.72751972299172 1.28838452121477 2.27504103100733
-0.898137875811074 -0.834583377352181 -1.32756578701472 -1.46538223384971 0.262638351808491
0.244944820119194 -0.229161411654316 0.86668436299217 -1.45552421447918 -0.993066964515124
0.664404073318729 0.631168182896983 0.835579953508814 2.12429352795395 0.716039166750211
1.24773402880812 0.421455274418023 -0.33173172832034 0.350579938044403 0.910094294190352
0.226953050597093 -0.168240195904527 1.58840951165097 -1.4682681118066 2.16448935065135
2.07630014654608 1.93348016087265 0.908398572636971 -1.18613750262538 0.201540542359621
0.0190628482211548 0.837305685331776 0.602485565217741 0.413078311266205 1.04264013211858
0.827512120829686 2.64577475895845 1.07616393951611 0.807386091071203 1.73794377500587
1.16473412062759 1.14076640560672 1.39825746930082 0.83754561291418 1.06600181318707
0.58518859272116 0.597769038743607 2.00876607068925 1.56699175999453 -0.13879060364853
1.38095278538105 0.56926450131366 0.363434773033747 0.832941519545035 0.408777914454132
0.823213137847598 0.537757961867673 -1.14174023515714 0.426516348694279 -0.159230913628793
-0.284146183664088 -0.0109127322188998 1.32592044629554 1.54775683297043 1.40202391521951
-1.30537335138609 -1.98784404341452 -0.940897470131229 2.55886288679082 2.42096901202169
2.3585929485557 1.40926967026786 2.05817242540438 0.526693350251953 0.483840334896176
-0.104530088774459 0.736915455032226 -0.120514339613675 0.259475712824188 1.48534637116048
0.603359722310648 0.105404386186587 1.91731208736248 1.53847518385023 0.0250145812631222
1.06316695514598 1.23328687385008 -0.123513544935585 -0.00722529373761849 0.55463778957524
0.613596996734002 1.3613105491006 -0.462563972312147 -0.983079703640608 0.0304793448472595
-0.404726212798032 0.818876363068523 1.3594780858513 0.39351208767328 2.07602370312767
0.0322854175481437 0.840844689094481 -0.844397088543357 0.745263936557895 0.837077432992743
0.375110052776893 -1.38280624955866 0.912390141986453 0.645793032356133 1.28136081680078
1.97895849150403 0.935873741998077 1.16609171003251 -0.618085415425053 -0.0579103204084901
-0.360815690006961 0.704703734070161 0.278346074138129 -0.0969411412681228 -0.239993536362469
1.28466846728782 1.28654150562733 0.363516538173479 -0.179488152459211 0.750830724061611
0.80862313994853 0.689057422944248 2.56791577544005 1.45505444921838 -0.110891889081571
0.266139957870847 0.709218877145042 0.131868257854889 0.369199458143088 -0.860377264714611
-0.556972745960131 0.769874528421257 0.216225577877847 1.1494041778706 0.333867452446683
0.215859045373836 0.452532020096905 -0.456414291920054 1.09851503842871 2.18656760250668
0.413309717540695 -0.15891589487025 -0.386065809454676 0.307499444411157 0.0771052807240496
-0.969395074486357 -0.525767522390436 -0.380736519301939 -1.48079893515188 0.320207013355623
0.692182244870786 0.449077678036087 2.18389671173631 0.862938270177993 -0.00913859077797774
-0.322293276290175 0.724020264572968 0.0446817063401392 1.20394959898681 -1.36817665419537
0.405759412040276 0.773301808856591 -0.150209865424298 -0.252596944967607 0.349899074933233
0.83621334095424 1.13974375435611 0.185123136634915 0.483082529407953 2.15605752343478
-0.404654059246837 0.0754755992910659 1.03014062942714 0.0583358182275491 0.0868370919330991
0.211743638794304 0.0372324589857408 -0.876294176782919 2.20133480041681 -0.2866399629893
0.850062757534178 0.758950690536988 1.18736969017046 0.469430779665264 -0.476770424765541
-1.3358591425043 -0.428151045086278 -1.14308697840548 0.703917755095457 0.897615294958161
1.53597590824548 0.00308761445308581 0.439847937777339 -0.547810227865298 -0.121400923344716
2.92446114493936 2.09777298535263 -0.777858860244202 -0.235370359540012 1.3166744197777
1.45940050940798 1.81770768020927 1.30699112892133 -0.856562597596801 -0.0415061093615798
0.184228004990591 0.222394454427107 1.10114879644076 1.22858557839174 -1.39767063061292
0.928622679859396 2.01509191093404 0.072823717389603 1.10718685421911 0.190845229672292
-0.535984778513393 0.326801624088873 0.65838666438913 -0.328285384905007 1.03188359952388
2.37786546049586 1.29044359179553 0.992257711518292 3.38764428782366 2.08326594104886
1.44070440335213 0.941266330278641 1.80251277729667 1.41913540909433 1.94280070737556
1.28734577993525 0.7522485932239 0.755086497057233 0.905789038242116 1.5616594609585
-0.375874261956672 0.167371806649263 1.36207565861967 2.41618389168942 1.9349412154138
0.819949134382331 1.29571859562511 0.525644036280542 -1.95568757699216 1.86462775658182
-0.0582942848509036 -0.0685044907384796 -0.272731512664795 0.408936589602365 1.98521786862245
0.188570581453105 0.679898652853624 0.446539154987554 0.475319953696606 0.667104954015089
-0.0700099166421857 1.56222495541024 0.367249078207195 0.69993604581308 0.0734889710417661
-0.525733615628713 0.629752303856022 1.24734782828351 -0.538314663187508 0.0182405365926684
-0.408745586874325 0.614964201019282 0.346054855487094 1.02936683425152 1.29430770560887
0.290102665944409 -0.277784107591172 -0.443398405683704 -1.71711879771222 1.24034098621066
-1.19886408417261 -0.946681793691315 -0.0441163392715457 0.607416384578288 0.278925686617446
1.10760057584608 1.0586016727575 1.80427406231057 0.938909413533688 2.06989022003747
0.382201710732038 0.348802667181576 0.0619739549515964 0.459006592588837 -0.218498906378699
1.19916033364417 -0.380542559396081 -0.164612991843236 0.864309176510684 0.1169323044808
0.769648641716598 -0.549749336811738 1.36156288102998 -0.263697621610461 -0.0318724055882499
0.994287055379411 1.6175237472694 0.80014070748136 1.04952405189932 -0.0386714719212884
-0.983121022515899 -0.996374594276667 -0.225958859635415 0.125362379442415 1.27739818840205
-0.520264385682965 1.5505171998805 -0.216338691527363 -1.15915894368161 -0.0151377888833147
0.0530049892554725 -1.54578629061495 -1.2539696261937 0.189771399223899 2.25208289011532
0.609658591327603 0.924806065609556 0.716296372158245 -0.119943032005844 0.370006688643972
1.62873645202828 1.17774276354265 0.416819491752343 -0.52459118580496 2.12365549938557
0.210036959199972 -0.278969271771758 0.677226522826367 1.00499851055803 -1.77987339326951
1.76155071814115 1.58039029179243 -0.626923378393432 0.540473113387422 0.862601202808799
0.975424811707271 0.150172586798943 1.80406457958768 0.245269769805468 0.726809903804625
1.67411675149371 1.8922966074826 1.2956693282012 -0.0477359185314133 2.28654302277168
0.626947068043646 0.62966360931981 -0.994882051890677 2.17659394972915 1.09175488887981
-0.156815928948082 -1.20559947232714 1.23499235619771 1.67300287701346 2.47781576365584
-0.98139907157878 -2.32863937364503 -0.611454800136418 0.310938685964811 2.31668255843712
0.655488995903894 0.366229456500093 0.797284002204738 0.586572643131172 -0.09046831920562
1.318551368521 1.90777586028752 0.992196380237054 2.01256010128429 -0.364088479459539
0.207411869165606 0.469382553136082 -0.396365250194834 2.29327072018072 1.69950911729092
-0.0407864164885258 0.218928332942579 -2.39167975963312 1.60262054421466 -0.0780849852716566
0.191358184719887 0.865017834251744 1.02904173598041 0.174152544438449 0.280852454091666
-0.596593301525472 -1.27268182250291 -0.192036122290213 -0.0828149208160486 -0.176250601015585
0.00699018468354939 1.34448669975974 -0.0387861198781095 1.25158723665857 0.749091315026137
0.319260643584963 -0.323524540136116 0.78277261466132 -0.363734317662272 0.91162782504694
0.545841105713705 0.557716423391575 -0.159272923757936 -0.570875579948147 0.983639204303991
0.436216879977667 0.170874697435275 1.10508255173071 0.144763201317829 0.56185346022996
1.11133519406524 0.98644630240759 0.784299338542382 1.45587957188773 -0.23660129597763
0.60931769377487 -0.990023868664988 -0.638806401922603 0.659281652057916 -0.297959967089635
2.31401545028038 2.80752518579744 1.83083351973775 0.744941807632521 0.835385404878384
0.812023828329274 1.12386243144834 1.07947991723723 1.62474967716706 -1.41521921007992
2.30449377172419 3.19063825865188 2.28235181100044 0.734627918298197 -0.603790497093245
-0.223121479570418 1.1994636409442 -0.372978175052445 -0.638562479228662 -1.26184633514839
1.02654703774956 0.825112755093367 -0.266147905480719 1.34209363848844 0.347097837575051
0.239749138293883 -0.407389973888097 0.65943723340007 0.976341836154217 1.07068622020044
1.10014250880863 -0.531041205126388 1.09628116736583 0.411610310434743 2.79929463643178
1.09393079564875 0.869935254644501 1.42763142917014 0.0869643711123076 0.413349259639667
-1.68602161274824 -0.636285692782105 0.0910560464301881 -0.0445833070654807 -0.654984252774357
-0.827043149520291 0.540430598396688 0.109254157805873 0.475993314045115 0.0508133968994078
-0.941013597638914 -1.12539428175928 0.752990310721061 -0.300513657206589 0.788860584492045
0.901844497039815 1.37694463651324 2.57463807908188 -0.0121903654391909 1.39876325320016
1.97020128084852 1.43926461641904 1.66336923911256 -0.9866753735726 -0.247134654141975
0.173185771214094 -0.315038059089455 0.4396648975313 -0.0186418906754792 0.391754911186974
1.3123230046408 1.60672327766137 0.179913744959024 -0.193229051145586 1.52325663018271
1.04554010352612 1.03984783649874 1.12277015465756 1.07765177687753 0.834749286900518
-0.551632309520848 -0.319063810451114 -0.205683698338281 1.95496696222187 0.869761287702718
0.897466995795309 2.24031397744455 0.999630678963327 1.53548484983897 0.382718325555012
-0.251894738681892 0.536254678743831 1.16908749966031 1.54682348584572 0.33250757977471
2.01626689664595 1.32154103478504 1.69309580999517 1.17621054385192 1.67186965991503
0.467433490805519 0.702426071745744 1.09447837501934 1.04659460980062 0.0884011218288483
2.13599965727829 1.55123652594486 2.17894872496052 1.24998867419155 0.603682308923115
0.0749415093899692 0.383839346783924 2.23667898402854 -0.229838975786177 -0.658899745056186
1.08943336671822 1.2165329427278 -1.18636903368655 1.33320244545995 1.25818776758295
0.437208774281675 -0.0204891602216302 -1.30655693805542 -0.698550442498681 0.504431660649604
-1.52195893005179 -1.35079450042775 -0.883373617534548 1.1187734761365 1.05637745897204
-0.482131525779048 0.199240202527529 -1.60769985541062 -0.332412636889435 0.30713529282961
1.11251129816695 2.37558012077337 0.462953345053294 -0.470494811201712 -0.421203851283673
0.445113870011323 0.221610857484553 0.130457688529604 0.0464892038899988 0.325706587431317
-0.618732002452725 -0.981418370220745 0.419066280141161 -0.802707505216534 -1.01870624728184
-0.126378538867139 -0.0666635297051318 0.629785861430997 0.51597479824651 0.17144025259435
0.749517740562795 0.262498795312592 -0.167292324941969 1.61065917773863 2.98270687702978
-0.493019006549601 -0.357687021280405 -0.524059158448675 0.250626108010237 2.08865077835409
1.47495022481131 1.46538452207407 1.51585500073811 0.995701633386744 1.44938329326682
-0.140709506726058 0.0115703830504812 -0.0134165745833953 0.662037493100544 0.961621162323015
2.30886262051925 1.10983494698541 -0.534147309194218 1.71182098411518 1.55221974587118
-0.579866250738828 -0.502933278527314 0.249696522692161 0.341684418631992 0.849968141039289
0.699189444075264 -0.438510051749098 0.60654823094984 0.792971036139624 1.47151920740889
-1.02102656176895 -1.10023287003901 -0.290775537037622 2.96771439834832 2.17494456785154
-0.223631125289073 -1.0645796131543 0.86073309272137 1.64623376776158 -0.271377396035015
-0.0932503150108036 -0.268738909296015 0.54981655494149 -0.433843114497862 0.126100726749551
0.901336339818801 -0.127276673486095 0.264303653151349 1.61979205516191 0.697356132394141
1.44213331923694 0.499553118933431 0.574791213999385 -0.424226738747022 -0.228748571287122
0.80048596759573 0.43896794395359 0.976512138935082 0.509906960022931 -0.472115609217284
0.126929341368996 -0.684194798218954 -0.124898623253287 0.78936685511664 1.80429160308007
1.3154885080925 0.973803291861305 -0.367073399682531 1.37000304507312 1.32832138105454
1.29888699215672 1.25162864664552 0.542169676781012 0.102738210305893 -0.471826961681564
0.620205281956355 -0.198461616585419 0.553595724490235 1.03785777743182 -0.423838060259247
1.07124762971448 1.73388664661314 1.22217109879227 2.26973668985555 1.27251545292436
0.912796010311392 -0.521206734632447 0.394587874767776 -1.40548499483742 -0.556017977295994
-0.486961883351522 -0.405612857231255 -0.182356053078371 -0.576748122662667 -0.889438292890164
1.25956832591478 -0.232007982835203 1.08468111336782 1.69494089392475 0.496529892584565
-0.15720129909835 -0.170022513996513 0.223443182121845 0.206051543206447 -0.386456316491405
-0.103918481376169 -0.921483813409669 1.03341481400619 0.461822189696585 1.32481598522045
0.676946822329411 0.146300132729646 0.39037698595237 1.423934566343 2.94475764877761
0.192496530137249 -0.277067464005053 0.358295828223163 2.72306114540209 -0.721974252180624
0.368179647084106 -0.527093711340405 0.265601034675949 -0.80189540829378 1.06020276981129
1.0953576738841 -0.794673424854096 -0.485326476771646 -0.408990840842659 0.732099456924885
1.54683278430523 1.58014752038539 -0.137608058115828 0.422499830433951 -0.34103247325098
0.302041367388158 1.9813387137073 -0.276459511592471 0.500510447319935 1.44233061037773
0.827678163907201 2.47526907453142 2.52750534279618 0.606855442332185 -0.349054799938947
0.261698495410267 -0.0367229714606566 0.20800185261911 0.187535466162825 -1.40671343738501
0.729596893220314 0.60095578833587 1.4579189845735 1.719646681461 -0.356689366421364
0.939997904822629 0.391401138225537 0.881740381625077 -0.409561392686768 0.884569790517537
-0.116865928889227 0.190638388366994 2.19642382944927 0.703976634159694 0.942815602642131
0.774836786911666 -0.0701136431807 1.3666883794907 1.48974744662264 1.68034664642996
1.1011020324683 -0.674912004377618 -0.76762267190747 0.875199576326981 1.05589733464706
0.592307951238962 0.52623025633513 0.195864015549836 -0.122126209081692 1.6104649442351
2.22984139157236 0.557804260995069 1.59252511616993 0.620554993709572 -1.44019673965884
-0.108557444738319 -1.38708192107841 0.468933635590716 0.182603957345098 0.138167926339032
-0.237059771697805 1.95716297764932 2.79785230492693 -0.09968385310511 0.0241977677774797
-1.24987930638763 -0.736604154838847 0.0800118471331645 1.85315391147971 0.713915886188549
1.41048257964711 1.36939413922216 -0.790085402849572 0.30233234550557 1.50608840594583
1.36708255294733 1.97422441123891 1.22550224195667 -0.0780019606139236 -0.278358084902423
0.420107160941963 -0.895742782267629 -0.57318555986343 -0.255969504042472 0.596159052385827
1.39847598937714 1.36960441758623 0.769192985177223 0.621198930489341 -1.34782408818245
0.683703423091249 1.01161822928596 1.63766435016056 -0.995841382461541 -0.6960312301228
0.790790134884454 0.740925557062059 0.866839960990742 -1.14615889096926 1.09191837893038
0.612944717021051 0.694005271791325 0.83042027395112 0.692897495237067 -1.16965936679328
0.93995218887244 0.341617301883858 0.342971413627876 -0.789769583368817 1.62830622536376
0.601662443700341 1.13944602608325 0.4499236245869 0.100151040407251 -0.0542911948107598
3.28733522781344 1.49244781502887 0.872011823287721 1.27540304541521 1.17218483185591
-0.666665030194641 -0.837106258783352 -2.54108155120843 1.42214998346038 -0.468082421473947
-1.35429908268969 -0.0323093927114264 0.584991166758127 2.04453584631769 1.54846560469878
-0.640681144669632 1.1648268947835 1.40569175350728 -0.509562263464578 0.296705497445555
-0.593343456239604 -0.465121409341561 -1.02208421973525 1.35670637844642 1.90006530175659
0.0663907035251764 -0.164228308806872 -1.12066096306864 0.825286540338901 0.0293593551819022
0.331530121724552 0.725377188734913 1.1124003639675 1.752438757521 0.0299898992065965
0.281466439973419 1.22676477747317 -0.905822358554761 0.720158584093854 -0.196770264784507
1.04133443571938 1.59918697434986 -0.931813550222094 1.31519668336117 2.59784963072556
0.889266203843264 0.949676148508099 1.3738666711907 1.63942219810028 0.404834538176016
1.25122898468833 0.443212162341954 -0.0509104177779612 0.0882890441060424 -1.15884638100939
2.278255899291 2.0707640838373 2.13200885997028 0.0389349021387692 1.33718922306517
1.72306255173381 1.17045052787901 -0.522854417052822 -0.829048615039735 0.258638568878967
-0.783256104604767 0.831605669726974 -0.217753025922136 0.412499818018269 0.133817764674488
-1.82895451628334 -2.0239427017166 0.128963199670388 0.855445985271191 1.07746480300192
1.40193146695171 1.15414422681724 1.22994877861832 -0.243138727774446 1.22092093383233
-1.33563868373519 0.43039230571118 0.717637754932885 0.572030684304199 -0.109898730627658
0.566756911436866 0.144105107934678 0.6504669558417 0.143596639381113 0.537376292078332
0.535479485837577 0.0214277296252428 0.220627237605327 0.068308216288744 0.10928323516683
2.72716807816787 1.08939341167664 0.287519444252479 1.27932818038192 0.0894456202854461
0.430785745977952 0.235491516541822 0.926599779854649 1.31632457660827 1.12918203145527
-0.00732306461449839 0.0351861937171477 0.00144507052441578 1.64830402609895 1.43645322351743
0.735809672576244 0.750878734166771 0.971776048273135 -0.584959937999288 -1.0594467586892
0.745804851893843 -0.0591961757557816 1.52099061241216 0.363877726749026 1.56047394928729
0.570045209416808 0.60805746382949 -1.67011470857946 1.15509172769247 0.77685094682661
-0.108580510079949 -0.348248224491514 2.07668609014597 -0.793461050190971 0.010041033559946
-0.72259338018663 -0.528538639439229 -0.397447755635703 2.42673998755749 -0.671039297305155
0.816500360797716 0.0193638784200806 1.76260777081034 0.733251747869771 0.294635175936393
-0.84286923662193 -0.531701575099748 1.71548351864952 -0.0450223496523148 0.322841152703492
-0.532184344072171 2.73658361505616 -0.781164610757381 1.53281249697223 0.808264372116461
1.83121588506497 4.02475542414814 1.27945459050046 0.877136554812678 0.147745276649965
0.0810968049701511 1.16619237084221 3.90940340009965 0.609255333838825 1.4292351475868
0.359678277943634 1.04561299317745 0.341469154483565 -0.180188295248341 1.900310252119
1.39982232889722 0.0173835019856121 1.02612034277221 -1.26539237625783 1.36542480797896
0.199888994384324 -0.147741084394397 0.704025410313413 -0.463567723483805 0.0813952239885516
1.5293657121031 0.622094895875129 1.87973065921513 -0.145632636955625 0.699696720534692
0.154934028432679 0.721201253735194 1.54741867942459 0.952527778155313 0.989009390510371
1.51280186426298 1.49407076087236 -0.171626867504282 1.11449822187434 0.0136634458497435
1.12933458493142 0.964380817743158 0.209318328019492 -0.285300654791506 0.331684732006291
0.286984917358945 0.0999631698812757 0.757898641650944 1.32817619301868 0.0878314346192413
-0.365697308360524 -0.76009712092975 0.177351121051319 1.16741700867181 0.700849810790224
-0.543108301337627 -0.121607628966693 2.76269820377697 0.374499116815017 2.05240754730465
0.229931187351901 1.24927830517176 0.987439873779197 -0.451228871108003 0.126498715245629
0.0618586443978563 0.579004184672257 0.881547375587918 1.39203999660753 -0.0375890092106371
0.0913256852036743 0.399621130570343 -0.380097213295393 0.370278419805506 1.82366427818705
1.48354523520556 1.61611093208999 -0.511938889457356 -0.513485131404661 1.15273163015303
0.202302855990627 0.788778198334868 1.27291970455499 0.752287016287488 0.0356710197525313
1.64367891077096 -0.106953689921147 0.374821693865823 1.02358532649638 -0.117390401137296
-0.0316201175070693 0.196047411144542 1.02826931154329 -0.961629634603231 1.59006345561795
1.47256572800865 0.742770830168246 -0.158503803601889 2.36640559661051 0.904017714674317
-0.0222504849935489 -1.44057210312765 1.06541517300764 -1.64905203056317 0.25170139080541
0.676577794642316 -0.456895364683722 -1.36510761495697 -1.13523665893812 0.515177648540615
1.47073782355469 0.826534199043882 2.1891731457294 1.72401912701727 0.128455443681106
0.0860277250257698 0.911961006659379 1.32481538048042 0.825174011474747 1.63191791485047
0.0617294817950985 0.0536034416618635 0.496782268939006 0.0710869557756465 2.71981110965113
2.50339061086226 1.91183501715331 -0.20479857758969 0.511596088754195 -1.93524097505986
1.45099349954909 0.352212463951211 0.212930871678509 1.23131847340471 0.840229549989525
0.0679961562722196 -1.48504447108455 0.445724395925115 -0.368022762767349 1.25265644860933
1.14894073736359 0.964497847609324 1.81638734764647 1.42815957986049 -0.0941252533372421
0.139923698846028 -0.476990952573631 -0.674505161294776 1.19731676338298 0.727386841536449
1.20588501934942 1.86160295596113 2.02078890295095 0.454849656545009 0.658116504130616
1.91584906843659 2.73758613415779 3.65471199303583 0.691211140838888 -0.0493907933899371
-1.10451566859706 -0.760066237438912 -0.340877417695971 -0.128762958341075 1.06653990703104
1.52885306900203 2.07160314434839 1.28195314291644 -0.356613206652858 1.51898241432564
1.95796778066199 2.13769908936832 0.246304600494517 0.111287260332241 0.640973118297614
0.547471323274829 -0.603552834035711 -1.30549310277293 1.52850845026398 1.06789544259263
2.24625671011842 1.52106897163294 2.2792004390027 0.260279678627112 -0.0834036512897681
0.655387514201181 0.802126719352348 1.23375059668167 0.0483772332437628 1.50556706944735
-0.73711968466263 0.176123816671969 -0.192890333661971 -0.479267221029651 0.215699809347998
-1.69349427883461 -0.274667093090189 0.239496179161853 -0.633447286077673 0.705064279351891
0.166592932736267 0.839472285716837 0.276769851581808 0.522120892664264 1.65545091329854
1.21354330256406 1.47084514905712 -0.714172381419536 1.5402394941907 0.416813218526013
0.817407733234497 0.440380864369522 -2.27713018415973 1.73148408823401 0.556036543902884
0.91361039029313 1.05156124668497 0.574380753759375 1.06017942137085 0.700763187396109
-0.0770855836379396 -1.64856993809025 -0.291462991181421 0.190961330147335 0.219388639767376
0.644001801404465 -0.348279476471893 -0.150079603975185 0.132395915913058 -0.816811878545155
-1.13866572993389 0.478373059391869 -0.532084546046664 0.865633364717088 1.04578431773332
-0.260089998635267 -0.484644872098309 -1.48931394204361 1.43743869985487 -0.72492111870872
-0.318793096250257 0.270771374285376 -0.139522815474922 1.47424370180574 0.396546936862227
1.01972888813362 2.01833899619662 0.912106715861383 -1.61892398398602 -1.30372082569267
0.485839940902795 -0.219623201747294 -0.626648130647481 0.453535257526224 1.76586071227831
-0.655529368287241 -0.960745325375222 0.61205264627341 -0.466780904855087 0.390309066992826
0.490475083901834 0.100109606937324 0.182932414617638 0.0287509760869418 0.875026488665844
-0.18981053763171 0.438958940760642 0.307258081191239 2.23522743843698 0.589518823055271
-0.166699153601164 -0.0638308908036009 -1.04673643269099 -0.277530133654038 1.89927338544674
1.36414942116513 0.236244109718449 -0.170004968055126 -1.18379741021016 -0.232579323258624
0.613419436226868 -0.690305608230588 0.765141857274252 0.677027102704078 1.66383925314243
0.898362846165994 0.442808455285099 -0.227284792450833 0.375522461039656 1.60493174739465
1.38396989023467 0.853465561168228 0.812223817270175 0.0844451439896557 -0.0980868584565457
0.680257693987047 0.179984358682688 2.41035260619147 1.37945826353503 1.09657575265187
1.05085452205747 0.620934974790142 1.35910351873787 1.066128105289 0.737267949534329
1.18296427611194 0.0334466307392752 1.53815138419121 0.87591699162958 2.64744170132372
1.6706086600356 1.64175198788339 3.08961015640926 0.223046172396198 -0.529522979904173
0.975860587278343 -0.954180100670106 1.52334349188597 0.850098526092615 -0.98251451710289
1.9122326864445 1.46303133303158 1.18457741605148 0.208692842533004 0.746308780691908
0.522608484309598 1.0487918388276 2.47326703618948 0.686078062109431 -0.412802722217344
0.452130589779794 -0.207784973938459 -0.47620675148288 1.0765994503691 0.0380739726542674
2.20133465427496 1.47512869721062 0.169678206629711 0.839657266820569 0.892668513886231
-0.00971171276742655 0.427601983822581 2.39442357648705 -0.172827099819426 -0.906392544567521
0.497145039855679 0.00659219180727999 0.88080610610321 -0.0370136851867759 1.4426469245823
1.4198670798064 1.04100569703019 0.641571018929286 -0.540157753445199 0.704860931695304
0.649808732632761 0.919576036498533 1.01773934513724 1.49728432473694 2.09312719002012
1.90493344567698 0.593240391116901 0.429815872470601 0.473946051404257 0.189238896307068
1.53412153956971 1.78859855286778 0.505748093257155 -0.156999196048798 1.26318187321912
0.791570288770806 1.5505729419902 0.290763707991246 1.17774561632724 -0.460754594392219
-0.277698538311603 0.290325463388137 -0.163387153001123 -0.0108341335113656 0.633801610913586
1.0666960975393 0.852107929358823 -0.304981700223304 0.946004628629775 1.68992566083827
-0.882621159480352 -1.26116672866146 0.0486937211633509 2.01663460964456 0.168213046550156
0.744474675589888 1.04255740329181 0.0382455831283752 1.43775627721337 0.77315707240615
1.30843880316769 0.0123840940412142 1.94544957000447 0.339837319721087 2.06961942760804
0.713041698417 1.90045540045707 0.93125019713828 0.386161879769635 -0.291423733324093
1.37967716423349 1.44898633741653 1.72409765625263 2.4371261654475 -0.200529524151896
2.53887625141404 1.93518062425931 0.797967164687664 0.329201193995542 1.38058896845506
1.42393244868894 0.739481156749833 0.565940517668765 0.801168535337298 0.537220970991721
0.766917446595828 -1.08089756271151 1.56213971812173 0.825988685704706 -0.513242855769761
1.14166150642178 -0.0715266417674008 1.94011674866325 1.42483666529761 -0.190686213924335
0.925485355625296 1.04755392732065 0.65373668530388 0.715291229947389 0.882330961385147
-0.814723503486884 1.64112034364437 2.1279232465476 0.866249306199136 0.81318606022998
0.0835887803005662 0.842351044643857 0.954425320374336 0.822150906348291 0.21995516905514
1.72468782478534 1.4826098057571 1.13511102869429 3.18900349951988 1.26223271239393
0.456415794453667 0.0402597301815489 2.5735824668566 1.37606886622292 1.22824235219673
1.08242327744797 0.947280513779581 2.12551366344981 -0.376490013468474 -0.391497745534911
-0.506500074619336 0.665923421444447 1.27921579195109 -0.717446994004939 -0.0567888123854828
0.564516742311104 0.335530170728051 0.879580006374461 -1.11483970703781 -0.533963490608669
1.10029194918578 2.37357996092238 0.284484124526237 2.34008049170251 2.18083390803533
-0.861514954864567 -1.29311228270085 -0.00662657168116854 -0.31892575657329 -0.916643389195736
0.847592631960065 0.4075658639851 2.30776079552003 1.49213557479753 2.27991635636558
0.318156781540666 0.432837387946178 -1.50144669509168 1.03381778799157 0.0485065423561259
-0.439534765941492 -1.62686782005172 -0.504149154443948 -1.02672711632333 0.192664098322458
0.462466811180828 0.929816543636656 0.365012799599642 2.52285918507085 1.84276471371121
-1.39630449362245 -0.575547126253247 0.273039181545805 1.05229595044112 1.33333506004335
-1.62797676818267 -0.712225110808546 -1.65623642730662 2.32014240762686 0.529531732202645
-0.676923330714958 0.429612249120997 0.859757373240783 0.842644486400625 1.43915331551994
-0.490532220484176 0.740631816892468 1.11751708761514 0.679561486195378 -0.619976035098505
-0.673032327267405 0.437928322061585 -0.570718176125119 -0.51931825832071 1.6496996823286
-1.22542778952869 -0.910316165585716 -0.144689651789732 0.537599465115275 1.64451816022589
0.788228089665011 0.635662954337731 -0.62983081160289 0.637123301833059 0.545563232359258
-1.09418372026681 -0.173747804334143 1.79992370997961 -1.02105226194273 0.591521580281656
0.610218849223381 -0.439309141013403 0.760418576409865 0.481081546781573 1.45593333212515
1.28706667635798 0.143414855511159 0.309271118916772 0.663246677777863 0.211534975201301
0.497773213686164 0.157093778000872 -0.445164460758951 -0.221150678594558 0.890157600062625
0.593108760058804 0.618000199580906 0.622550814140048 0.910603359030433 1.25543507913804
0.121842943410242 1.70584997321463 2.24509453658756 -0.712631093134711 0.62190987362514
-0.982676111059003 0.248204841690122 0.551480767409012 -0.0737446916116211 -1.0065805922465
0.456181414641705 0.11970825612526 0.791330101364666 0.605392192247501 0.192193799265239
1.46082521168211 0.573222253797416 -0.540725441864234 -0.105096053556568 -1.55733395201863
2.23824493261334 2.76998397662889 1.16295081752463 0.921794622709781 0.209085865354411
0.0697937575738996 2.42870855959493 1.44382169876937 0.137191057112846 -0.346461224492711
-1.12732273646978 -0.34244237989383 -1.15517731696187 -0.374115175593511 0.231076992604513
0.666347492460066 0.216716362993896 1.5850933393594 1.43159389172313 1.05610035314343
0.876265910450719 -0.404363560275013 2.83700105425884 1.10004206119844 1.43325321979583
0.273049535293767 1.14382016523144 -0.966361160847856 1.07136068806308 0.473998073612594
-0.64891228961879 0.0424278136035541 -1.71512968818361 1.18511019181688 0.676354378045887
2.52433259954387 2.64692616060004 0.950646918805322 1.50942054012069 1.69469494123694
-1.85952351095849 -1.6426785996302 0.677115045424531 1.49087071687128 1.96868834186924
-0.00997204579993904 0.386476802303598 0.342466728544321 0.533690533355124 0.719933664938966
-0.821625590810102 -0.81621242263936 0.015809591013897 0.0497299692332575 1.2538015782637
-0.136128249660041 1.13828668084935 0.506603306440971 0.389343722457604 -0.237285258429723
0.817851419059697 0.249758362687065 -0.529200107323096 1.73785873625678 2.30115730651147
0.638047974449526 0.512901690044286 -1.08342150606282 -0.697860101933018 -0.388953851111968
-0.210735074811226 -0.204697299494529 1.86457504517322 -0.0643939255307786 -0.364905895165225
1.27700352671979 1.76137214335635 1.04000194360166 1.54330861023617 1.23591371436482
1.12239392417201 1.21618529292226 -0.490215255367118 1.34600172472295 0.605187779717771
1.14738088451605 0.0850803065800503 1.57775105882 0.00446380362465654 -1.15354471280094
0.0743683183396486 -0.261529310326673 -0.912916542633549 0.293182287435063 1.51433503269102
1.54858076053644 0.292580463341915 0.486458214236734 0.344203836923022 1.15000017995511
1.16070708636717 1.30098985938731 1.40472690281308 0.224601924598128 2.05925678867605
3.00877247318511 2.27082646102847 0.215519686876972 -1.94324912715217 0.300233529555102
1.56345963904102 -0.170254234725877 0.208528670195997 0.0726771575145291 1.10527464953567
1.65692165332739 -0.331319172256514 0.569581968955007 0.809060386762763 -0.56637428767943
0.552978827325613 0.499468319561369 2.4094941537008 2.95157521428408 2.81221104680461
-0.788386002940291 0.284723061952958 0.759442928902102 -0.96262800394627 2.53101977084863
0.128778752502368 0.412309311892356 0.0534348814790406 -0.135541555909856 -0.000724051449805585
-0.257791916498819 -1.18971221048427 -0.0256157925907193 0.114527151041549 -0.257838329890774
-0.0639689170274268 -1.07982326552982 -0.0411600430739785 -0.442277549624314 1.29144842240877
1.05513856000185 1.52674537889661 1.97137305003827 -0.173773103232705 -0.7470963580657
-0.0567780639503657 0.0496347692910627 0.0969324925347632 -1.42424391756331 0.26565704950287
-0.395113135482436 -0.346061212343071 -0.489310725984692 0.387582366545913 0.345421842743761
0.0906722783659296 1.3073666569098 0.784281148831388 -0.0185094565729945 1.20622679477043
0.339113233261557 -0.233703441318174 0.295926729992808 1.03498250393468 -1.32207040365889
0.909334430455455 0.853953755781749 1.36856055045595 0.557407890922771 0.632425457105631
-0.452635997119977 0.26266354589489 1.28639942061792 1.56581715745119 0.969788206118256
0.817317472324612 1.34629420016573 1.70502821943062 2.12073660987932 -0.911164600997985
0.578020080978078 -0.136670654709161 1.0609507150878 0.621853694721037 0.368739798631237
1.82438544916022 1.58048614004423 1.41714259077233 -0.738040879624289 0.868855533058264
0.286829513578414 2.57087095284722 2.58729684813615 0.744125580208276 -0.701169537288429
0.365521355444574 -0.791068781555812 -0.808846462875495 1.89825824307846 0.485673833261915
-0.671355817920296 0.144369735466702 -0.0293884562804465 0.404526666759073 0.673777397957131
-0.88526268319524 -0.514971796688361 -1.45217397168371 0.88762274496855 0.0654988489445698
0.810508318600499 0.0246358901210265 1.37549971018127 -0.466314579085971 1.84813270496367
0.250510935526061 -0.315279530999112 0.387889959834047 2.00918627126765 1.55572678746779
1.00374405573733 1.20056603390904 0.358777893996106 0.903830740174652 0.0137009559026982
-0.392661403477038 1.81690404058938 -1.12440841936385 0.0778587321217635 0.740494466333043
2.40851233035822 1.0100468368929 0.981107168317357 -1.17402413559533 1.27120504308162
0.622230700504887 1.00610607572851 0.3253863689562 -0.187630152686609 0.605678083186747
1.54703326689793 0.680970874449479 -0.666984406526579 -0.527185416154029 0.840233106795365
0.273079800676063 1.94510072706698 -0.475862348533635 0.00744249781263812 1.03163511657996
0.337498058451505 0.83822713530245 -0.220726785017994 0.846808315743273 1.29357321845596
1.19005189785781 0.803706692492331 0.380257963715816 1.32935247582766 -0.630149232397553
1.0557567714121 1.32935457144779 -0.93387655377503 0.655632564721137 -0.131993048848425
-0.620255001488411 -0.176619227648971 0.0980082094367514 0.583713866167832 0.170984657827787
-1.03269301392951 0.466143587981654 0.904279002637292 0.874616801727191 -0.990230716552613
-0.597867769540669 -0.307192748474116 -0.105269230064381 3.15320217021233 -0.342920591202776
-0.91577332156794 -1.24659824295029 -0.575657067372598 0.832713968274466 0.916962461527413
0.559570588566046 0.732901966258917 0.832980947467909 0.640770828436315 0.879812298754203
0.0887490744677803 1.50207922882882 1.64705349076111 2.07783500786149 1.72148524137174
0.131989266959045 -0.678103811474748 -0.128563922710275 0.589547741141444 0.876120711734558
-0.860963129393694 -0.510454100029979 -0.251321984372615 -0.172983734514082 -0.38588686654836
1.27956742873497 1.77160298799498 -0.643068555031314 1.43189345672283 0.67097280241544
0.939411111553712 -0.772453977169679 -0.557090141967555 0.142109604561287 -0.273613309393427
0.41037751625879 0.946583133323914 1.13517308680803 0.702101651399216 1.39005803356815
1.52118011801418 1.71507640503459 0.668755337475643 1.37625036548899 -0.805172947412602
-0.373979465028903 0.146399267800822 1.09175489549105 1.30794833148177 1.50367225398104
0.914700293047627 0.132632917533718 1.15885192434624 -1.10333392366764 0.66736657825083
0.848441199952281 0.703356997948375 0.935243408000403 -1.86205187289514 0.785063608952676
0.849254416663714 0.784101869820176 1.32641026717196 -0.201700108008803 -0.207267800240237
-0.229247267629503 0.810652605334873 1.93257234316271 2.15190327586567 1.02352933687451
0.826840248762991 1.22691848672308 1.19393852094708 0.735072844013032 0.506809337729357
-0.0148816329264756 -0.0891151131440497 0.777187545197894 0.348247219733432 -1.01067449475481
-0.396446150502486 1.25803426118248 0.440854579739911 0.344111389828763 0.943811710244936
-0.703268186415017 -0.2626273890343 -0.956545156204285 1.53816471192414 1.14128578828844
1.53781563948524 0.472531727077861 0.13412741122682 0.830483791156037 -0.161994514271154
-0.345944212336118 -0.358302475159212 0.604569735413312 0.975806627326469 1.81013672586516
0.327086155740832 1.08313968915289 -0.532003273724234 -1.59050181603996 -1.64756022739952
-0.708652054740199 -0.0690184846534493 0.734120814831333 0.325965181302149 0.0625026574439779
0.202873200004596 1.03281364310892 0.843904991111598 0.519188173460928 0.120903890087553
-2.73203779594001 -1.3838452207326 -0.0419965388274446 -0.36002734343853 -0.371302036301565
-0.58695922946133 1.83728151856108 0.825092372905037 0.47705055764867 -0.155120179271444
-0.926436159479723 -1.68837618999303 0.0713688659216519 -0.102317262867297 0.852823996742275
-0.514450767705321 -0.44141281650481 0.234020756119616 1.36990178671279 -0.182160840398478
0.286732811692642 0.304660001838869 0.440387928648162 -0.0708124587477759 0.453326276750286
0.174652219639509 0.376192889789697 1.34977644028321 1.80467950286294 0.344402998502517
2.44439779196628 2.83155643556005 0.946351763687769 0.457355772483454 0.365702190360778
-0.0717732183494564 0.332498883900792 -2.16667977433995 1.39553076964886 2.57241355175729
0.249967721964956 0.258078831643517 -0.0353345803664025 2.78485603512573 0.426061356745022
-1.0693154703407 -0.386707306617939 0.384004713298237 0.566827382113976 1.38099561998165
0.0226173363059334 0.814766287359641 1.41509445117919 1.99458944410977 0.836021473432789
-0.83797665356226 -0.854327638475898 1.50883574933113 -0.572464243759395 0.316350728536387
0.530299023788183 0.878830281892443 -0.366484083017423 2.32334463278911 -0.999500725113807
1.35308676751858 -0.240167665774237 1.25571738142624 -0.708429152511796 1.25846371862783
0.90425346510936 0.679515340135673 0.804867268278308 0.434608404641008 0.638323240727996
-0.200620213418205 -0.673805703299751 0.0625994348014312 0.173163671800177 0.00938538019609164
-1.13054289274725 -1.00061494030132 0.132718059594602 -0.649150700949833 0.306841045762434
1.96001318514265 1.60203130301918 0.792875740043675 -0.808041707119745 0.131586489705044
2.55004273293787 0.829962405374425 0.934305798006827 1.14638296305919 2.42428535646923
0.620500599699389 -0.218878909894915 0.656773077394496 -0.889203545551916 -0.862324032995409
-0.489901604221187 -1.30662797137189 -0.504110928999271 -0.840682600507041 -0.318324359180481
1.69777147431488 -0.564145496909595 -0.501836779778965 1.62887202282034 0.983270610673153
-0.0926562181692536 0.0231889264558043 1.30762947287073 0.50169612954747 2.31704120035178
0.0301906367755455 1.14830987455041 0.30812040270194 0.879683892140474 0.828073746388663
1.38637737707269 0.886277397319333 2.03780085663069 -0.40133162848698 1.40842103924858
-0.885219801110838 -0.518294712931266 -0.70122504140888 0.303205657201069 1.19805447801193
-1.45675395423192 -1.51143962844584 -0.575121036184098 0.806941508905767 1.26580824828902
0.92068370020125 2.01906532235038 2.12775658107941 0.667456677628491 1.79501676281224
0.900737998146962 0.540912061668503 1.9271724825429 2.28807879297342 3.10255307849701
0.595142157864169 1.59230050140255 -0.354515542026667 -0.124082446804376 0.519786732643851
0.99668439163653 1.08759474531817 0.836818117034763 0.350039080916813 0.185847288109187
1.5822405961607 0.938902350733494 1.99729647757474 1.33221504999321 0.849874750944935
1.47044778835457 1.94798423454599 2.10127543965506 1.44809110445363 0.392562090510035
-0.0685695703896053 0.944805521920549 -0.767830949439282 -1.47373757574836 -2.15939324654899
1.30997207331854 0.896828072560039 2.22824771639692 0.108121345469938 0.308016057950766
0.673247371832088 1.6407090514908 1.30913512665137 -0.176711225940526 0.529106030499108
-0.00554256851537893 1.62171047609364 0.798610890230424 0.483979011595568 0.137897777480165
-0.693305790890202 -0.268475375125354 0.034912938724937 1.01517478741641 0.390543038878935
1.14697093888115 0.683637871032784 -0.337707835946697 0.944829652598668 1.80022628050917
0.146377400700659 0.611536966051969 0.562351250880794 1.64089831538374 0.809032490886534
0.546434526687823 0.809266118674372 0.294230691884982 0.947681010030888 0.560242419616784
-0.292947502201808 0.670240346845544 2.67379917744298 0.815440244749209 -0.0848960106000305
-1.05051447477956 -0.634781078713962 0.349585358221627 1.44559153178412 0.143133085533122
0.671586355268628 1.17504243618973 0.436815292099112 0.92866310663115 0.486868122995937
0.437860875195638 1.30159437540826 0.57875830098357 -0.824606927854135 0.360420788833391
1.69902787729197 1.36145557038842 0.160336997962841 0.609821520117258 0.902722009232662
1.30170407032728 1.10366059005875 2.69501138048682 -1.15472186348824 1.77125943970942
1.55330457914955 0.12852316483663 1.20612274324209 1.610672170457 2.05129101182
-0.248876752543159 -0.88756673817297 0.305942139724595 -1.60786174285362 -1.09458070131801
-0.43632649711602 -1.23094935033185 1.261415951699 -0.0498369338147816 2.11113112765325
-0.76908677286849 -1.25688245340622 0.0894647270093051 0.594260744582126 -0.446735411320641
0.997980623046732 0.674708873560228 0.488813508840951 0.461780200268401 3.01161845537613
3.28908112764392 0.881517625785073 0.353798880921124 2.38292735226128 1.07184604870179
1.22757203691572 2.7333953419773 0.270206699190272 0.555460684050177 0.0812284516693078
-0.273064102152237 0.627586444556433 1.9832403077257 -0.113890141467725 -1.60324280646466
1.33663375447615 -0.652136037420938 1.20959890978161 1.08701660934481 0.227463404572476
-0.628330310083602 -1.1006386511736 0.2436111484164 -0.70670890764052 1.76964468611733
-0.924470091416381 -0.440435557351745 1.86559059574996 1.04533053610114 0.204743110355687
1.21744231550736 -0.439837879918675 0.495235987204155 0.750930383804851 0.10847394823731
-0.277905520185398 -0.334658945812336 0.581128213258564 0.107252532646962 -0.865031284951576
0.815985880708604 1.5623916111235 -0.711649368931412 -0.122041927993155 -0.774611531491351
1.90653513807679 1.21281687744069 1.22815836364508 -0.690476705647282 -0.305089726137559
0.901124635731864 0.686882405243651 -0.837171221024241 -1.37846665064551 0.477062843148247
1.42966028441966 0.256522205864086 -0.377483373568017 0.075991589569696 -1.6054195415491
-1.10580220462075 -0.908010480480162 1.04861411058906 1.27724193428519 1.30931975678529
1.16153624412341 -0.184323327543552 0.839482399459549 -0.213926000252268 -0.114178053861941
2.63850225382851 2.07447041048496 0.113926673054054 2.08463967076435 1.60500534951458
1.04113941341713 0.462917564067455 0.174960755792608 -0.388311321587621 0.31807980567422
-1.04087718185788 0.202166466794118 0.520103942292698 2.64082953751304 0.494416663571156
0.296857205178166 1.3679036414107 0.797549389667078 -0.192178121023788 0.854170275533772
3.47782206570613e-05 1.06177941207916 -1.1603791653624 0.599297348148983 1.01480705332107
0.883023912780829 0.701941448785506 -0.602104166295967 1.93497843381854 2.77120098163469
0.912035378111751 0.344031359696892 -1.19601413202078 1.73340116951301 -0.528232803031856
0.90549255051644 -0.235919649537167 0.388040499824964 -0.25764453851595 -0.339375661039841
0.136219249118985 0.376538815701389 -1.23844048800703 1.23857814372805 -0.55101232057923
-0.0992720400419457 0.908015576563131 1.16020214183455 -0.614361234748041 -0.281477823179253
-0.0895889914180342 -0.126497745726078 -0.632019818657963 -1.20586908396767 -0.336356796369349
1.35354083406448 0.873469835651363 -0.425035135242809 1.16116234935155 0.199723277961939
-1.3530080714196 -0.118764436711886 1.93625035057448 -1.22964201415856 -0.305380821101618
0.292696840352375 1.06675359988158 2.65256267130662 -1.63807351182231 -0.427690112534754
0.770378202689916 -0.471304411967052 -0.386148723777097 0.439952334926728 0.255649672299007
-0.152771012058928 0.268298959656672 0.353329520282725 1.88569070747131 1.19672128213814
0.977227285007673 0.942997853260447 2.52832776347208 1.71781585495821 1.83477236857364
0.428680349972546 0.33630228763298 -0.0559636911343008 -0.995050826285467 -0.156595113427708
-0.438301288268817 0.651246557466244 2.07563378408279 0.537283100020068 2.2979640764425
0.661363534650636 0.305465970323481 1.29490396032963 1.30287087161418 1.51569835003742
0.231817118086612 -0.321860679996321 0.417859569595098 1.47385358798511 1.8897972528242
0.0901273522432581 0.474885455560975 0.10144259894736 2.0607338555401 -0.148249724064048
-0.211322710526139 0.441044214462462 2.05399297758197 2.08624954183865 -0.974000641312574
0.561445483584098 0.362861953842259 1.18358463629186 1.35629777741986 0.991598373059372
-1.34612923609859 0.0292208322859663 -0.406355546423952 -0.924483016954524 0.552475004773832
0.101666880521868 -0.953417925995525 0.65131345245337 0.539702337364467 -1.15796940596016
-0.043548121612387 -0.686062498876197 -0.57193241033025 -0.879911620635432 -1.23183528271329
-0.411898504288659 -2.5048716897508 0.15557777245564 1.73307090179518 1.09156324992877
1.15269859099524 1.30874490549772 2.17577051283806 2.24207638193004 1.8639251415909
-0.234271258590912 -0.733381656334992 0.772424460750419 -1.50149508948738 1.4286436693162
1.04063308981445 0.621879263886002 -0.157617870620131 1.33549699207278 -0.232610874482565
1.47584088458183 1.89291674063627 1.13526768862269 0.15718167402381 1.02384269397797
0.343129585272949 0.446687393641538 -0.206406818675386 0.0220378987152395 1.00624170364252
0.777799321723375 0.31433336022539 2.47970116656745 -0.389101412781372 0.290752605277565
1.13951730311087 0.204934852823056 -1.2052255280001 1.76342911736143 -0.277932811318089
0.41902198493939 0.259116519560574 -0.183041135156564 0.883201164839452 -0.505521749823605
1.04087014376394 1.30686563518759 1.42038667553794 0.381132640039653 1.20178348117676
-0.762564844627958 -1.47054182759785 -0.703707929693006 0.917247164785365 -1.06463303399906
1.61042384067016 1.11157550257695 0.732685160846679 1.51322181242273 0.413672881050055
-0.489562679068363 0.532176684726769 1.01828877219398 -0.369517490553587 0.463733501175485
-1.32883593420384 -1.73388229898219 1.21801334328058 -0.29468047670336 1.41195031588078
1.88449851135426 1.86619121147098 -0.0597695855497359 1.18850228147538 0.28580643062263
0.437273205958744 1.00895323375478 0.390202037340212 2.08567292540191 -0.547218206905508
0.94892112001917 0.0636436934299487 0.0418411282039127 1.75017884939905 1.09104439503972
0.136741527532328 -0.921562087864528 0.165556397276231 0.384396492456026 -0.228241277945429
-0.520583393131021 0.234161483198158 0.699328536463562 -0.831769731740272 1.97521397610431
-2.57298853928707 -0.697188552822227 -0.636723726362024 -1.84280557783255 -0.818967155419221
1.12627899769914 1.33891778727702 1.46300535463569 -0.426563334752888 0.482237261828721
0.213315466788775 0.938268580719011 0.93483987292296 1.62956751569551 2.72706363996466
0.302657093149081 -0.564107371266869 -0.118052358130574 -0.0491275290676213 1.42298699784247
0.905605372640549 1.2104413756677 0.908470368845782 0.783731702936505 0.540172412573395
-0.91934846053479 -0.815616821828048 1.11743525210128 0.712779317859558 1.01204019667604
-0.229445237982781 -0.386760894143547 1.26593562847078 -1.7027632276668 2.41364724385032
1.64732784158513 -0.0563204805359474 1.22516560979224 1.75107300843901 2.12256007976362
1.09786463288149 1.73888554476507 0.666241144791331 2.52470501741655 -0.396619963763051
-0.781281259092526 -0.128722113934572 -0.343147807634272 0.461103284626654 0.673202859491884
-1.7032642421699 -0.0190694970354808 0.378138102943591 1.49858362703663 1.74305725494902
-0.0712463197910945 1.36605874754852 0.0825181905518806 -0.257333695486261 -1.15530602464513
0.713996478716457 -0.281393337022744 0.105397139937325 1.09614514202259 0.902067764271088
1.44237693330238 1.57984087451053 1.65417519879061 2.62321703216988 0.857856867706979
0.593725490666918 0.546027259155325 1.92785510972291 1.81172535943563 1.0448919024502
-0.622311721528042 0.558020747090671 0.947708929767896 -0.199941512848566 -0.428798460486473
0.806157818568223 1.56985035196816 2.67328160593027 -0.519613284320537 -1.49399515206356
-0.672334867553287 0.45297624864106 -1.1429486855647 0.55311478743375 -0.540142101373761
-0.460966563537669 -0.730669403926557 0.248158617034239 0.262980833400206 2.28960784264304
-0.153735016358028 0.00657081330101422 0.449476619450461 0.437264017240668 0.360339532032334
-0.729393648999155 -0.0263218647685687 1.85418117606082 1.77110909479232 -0.178084114666969
0.229034870036689 2.8642433803663 1.25024043305474 0.721138370797329 1.98243061451549
-0.399950067342813 0.941323742403677 0.127031315574566 2.16402322199338 1.73322277798736
0.214313862398166 2.18509657452168 1.21510983672354 0.457040124566866 -0.35375838348239
0.0375784556462531 0.554145361898967 1.07514190089102 0.366764553848746 1.52658600446509
0.0902147852598346 0.42359412458013 0.617227057029839 1.29319983134633 1.74660165281913
-0.00353898413187337 0.688410122882881 -1.5155306343958 0.926272544380084 -0.172871693825403
1.73329711264414 0.817756698933532 1.69105768042899 0.290098143724503 0.986996920004223
1.11030521757395 1.85946413162639 -2.656912835357 -1.08815907767418 -0.18088159815013
0.559072155052654 0.409338746781574 0.602768658416632 -0.616380665979022 1.50225363985771
-0.966946730428247 -1.47904946593183 -1.44280040967155 1.1168550421863 -0.613195887231551
-1.12580326639623 0.221188563936586 -0.0841961415088901 1.04346425227049 0.208413015032504
-1.46475241539089 -1.93367809094748 1.31334140110032 -0.9678959741369 1.01062747539683
3.10519575087392 0.587715133791902 0.336140380040697 0.619908333350055 0.446054781035289
1.47237481120358 1.3141527344851 2.59195151356885 1.02935549552767 1.17061866894838
0.75698096970426 -0.106540320188007 1.21500584905611 -0.675244312374526 1.96739080439231
-0.474240459346947 -0.813129950862559 -0.0261360286560606 -0.498215246887089 -0.117387816751788
-0.646364385887416 -0.317377967774519 -0.626121515657581 1.69404228009568 -0.334875959287954
1.04763950448046 0.437462290113124 0.0772919917835816 -1.25369746286688 1.67998104019076
2.06508398508243 1.26082478470105 1.15575096260493 0.946529353486357 0.160743222101434
-1.19334366132081 -0.298352999642045 -2.12197096846904 1.47805994719836 1.00746545293934
0.0506026401397497 -0.704463130980504 0.892755728456222 -1.29125728820209 -0.428456075196426
0.415707927246579 -0.529962689195431 0.633106925200008 0.369810995052489 -1.06313730961943
-1.49199717760327 -2.37478126626249 0.689783655656499 -0.675237336798052 -0.663242660581068
1.34124566635258 0.692553295763918 2.62488738876683 0.589962082583145 1.80371749307862
0.0853410825445145 0.782630055733936 0.167949431169575 0.0778341059424004 0.00881214034220379
2.41218083836386 1.08549729727417 -0.143504640607594 -1.15093358375301 0.0226647863169237
0.109101267766228 0.666522788106513 1.6217181731619 1.11796865388226 0.917569474994715
0.909182082547355 1.17776024608661 1.5077992030521 1.09616028023148 1.77227367956649
-0.642428168121445 0.607143888352713 0.231277926179591 -0.11843733336444 0.525630740743117
-0.124863775636728 0.916584227979553 -0.104478463360147 1.02787538040321 0.352308431020742
-0.668722849914551 -0.752306656283256 0.439985785823783 -0.844318131260537 -0.60411129829946
0.892575281297536 0.0500750834980785 -0.608344320742899 -0.734765325774924 0.824086728590608
1.80183950434961 1.31981571673757 0.829627964136 -0.653439893778905 -1.7768023607843
-0.0936417618403955 -0.388067779398304 -0.306985675513118 0.390671956309212 -0.673108017087018
0.936375391562132 1.92401880372915 -0.0660130392144828 -0.0241947585592067 1.11660906991868
-0.00436248052580979 1.30125911340006 1.48055647021317 2.41129844549583 1.3201005060297
0.602107713303418 0.637373763157806 0.559515740315869 0.428893967969269 -0.765263715638973
1.69625054082237 0.876048673306263 2.01342339753375 1.06183536608942 1.13853396103345
0.62028281636165 0.980815937690286 -0.483729307758817 1.07407170552516 1.07479841391484
-0.536843397076755 -0.647124937750424 0.461185350554022 0.871733557330694 -0.586027008512515
-0.357103238887738 -0.114275364091563 -0.703613702552853 0.691693876250999 0.468011999446585
0.330125695955942 -0.0262979426722436 1.01602983318636 1.74408517686664 2.31853728877149
0.308331719953695 0.469468151385773 1.74421498764201 -0.664159797192125 -0.216381605407277
-0.365815207739937 0.883191200657958 1.43724770749911 2.13526969258877 -0.493266045113772
0.680664133586186 1.20238091302822 -1.45143913985164 1.18632967964966 0.792813551152304
1.76652847557265 2.17479960895871 1.53213311743486 -0.649486625137593 -0.278734633193873
0.248830712561622 -0.382472968507367 0.366783469652261 1.61015730037567 0.370573333050516
0.295429949336864 0.521099307141664 0.80287549567597 1.68256376844695 1.1383894828375
-1.70152190603627 -1.60759139978244 -0.572191125678953 2.20732809135459 0.787740265381721
-0.274513104760749 0.343154993745134 -1.22560024964792 0.0796845825157532 0.0422021526306066
-0.893272584055151 -0.0754054446413546 1.12410249419016 2.13937773123337 -0.18300646759384
0.113765349016355 1.30530750425755 0.0581674900002201 0.763468511601602 -0.250985240564051
1.02558635011787 1.69473539686432 0.39359956735548 -0.963483068742496 -0.795528395557316
2.0232692753906 1.9365400042337 1.03406714482306 -0.276170982497428 -0.24817213213472
2.29849445190826 1.17503796132783 3.28169988965532 1.42948801055806 2.41085037904408
0.383115733030213 0.049074394231418 2.66457450315667 2.29295773976472 1.00326259597806
0.17980381311437 -1.33336684959638 -1.05446705686144 -0.683151761563188 -0.274885650694355
1.31751628323722 0.631866139590776 0.156543428411425 0.388824139054851 0.352483758314494
0.990159188823982 -0.446861714594385 1.40529310684917 -0.156765807854312 0.609018366784177
1.26525116001563 1.70301131878496 -1.27450342088633 2.37973413931621 1.14644328229281
1.27827904531132 1.68851940467398 1.95837648135306 -0.396080876902782 0.633062326833175
-0.980305173418627 -0.277553144808197 -0.0894898262645125 1.83150572016357 1.83480769324081
1.04036395960977 0.521492168964618 1.93409509962562 -0.124573130974524 0.0381511639813616
0.408460978131753 0.559527992787875 -0.361603679547042 1.27667888193414 1.00327737666703
-0.260252376958568 1.32787950696099 -0.39066153985646 -0.824253698067632 -0.370967525797501
-0.193595443143502 1.16313557754698 2.7519934251019 2.00027665196111 -1.02133642122483
1.78145775266336 0.910120962517253 1.28457171663096 -1.70290285891381 -0.500961461189763
-0.309737610765752 0.148886490277882 0.0529694668631971 0.822514702673135 1.95383133046346
-0.736818352822848 -1.1384883677039 -0.866222251043857 0.921004447982506 0.23677024269675
0.714686448131779 0.949396594929539 1.65842364972489 -0.320701137338098 1.33709360858581
2.51077176753361 2.29771317628256 1.30950715715228 -0.466458753357364 0.896368664165416
0.525554433412309 1.23536842375109 -1.6115522766093 1.10934820070329 0.0366857716776081
0.808299436246859 -0.539994955979147 -0.471876048947516 -0.536211407392391 2.16745556025781
-0.438247210627779 0.340748303116514 3.2576387741578 0.471762481816083 1.35013748691276
2.17421595177913 0.813157854316319 0.736953359080725 -2.31976679424835 0.820388082645802
0.624988173845023 0.273748942717333 -1.46156746923316 -1.58104954953813 -0.807465271962517
1.03010125655069 1.44846907796783 -0.180708969661785 0.455246871474852 -0.142952002864426
-0.452068223401487 0.167323579156671 -0.0698633118280382 1.61795499426461 1.35697322217303
1.35404281822048 0.881432221488404 1.33142561946862 -1.14950358816825 1.34561231573219
0.889145734517764 1.21887347713823 0.479870696699127 1.17866721586127 0.609886357421943
-0.656001084951704 1.11399829215691 0.531254314552981 0.994323247651999 2.27621166265047
0.539740126989248 0.0250490967402043 0.428192377868232 -0.0884685765870092 0.257089404623557
0.0494013962924126 -0.850439294979129 -0.661140804133603 0.47607533981284 1.19876202176348
0.609247941665665 -0.364244018236646 1.5487350335022 2.69131300989467 0.941561262765645
0.249447157553846 -0.405755066612934 -0.000562261010342735 -0.900581013966105 1.29173244849156
0.310098345351324 -0.150909744688362 -0.0567782498725625 0.980099490390987 0.275548843574719
-0.532913514300836 0.341596827308954 0.541137739870619 0.707550677084332 0.510759007421481
0.176708078580602 -1.36259122306127 0.161513227594732 0.822084771165605 -0.913424060281228
1.26652685410545 1.1486872193257 0.168577060506322 0.494119517181085 0.794971396076251
2.24467317966905 0.924066827801211 0.894974024149148 0.781389082113301 0.644200530812492
-0.660519926169794 0.683337600614429 2.43736786052847 0.248660755029846 0.967157734905283
2.87741185238417 1.24199567492167 1.41750149358852 -1.19345946321087 0.492674576815871
2.02607796250707 1.42169287635476 0.16747321102905 -0.0840161850950345 -0.272615026102785
0.668507500217456 -0.148964114911218 -0.407568844872529 0.734442730846804 1.19751033698056
0.198793470676301 -0.225971663601566 0.138753863926522 0.758786220632807 3.10917889860526
-0.198654270705207 -0.127304106735976 -1.20182722757467 1.10365641778462 -0.00777249151354342
1.33277057577803 0.816626054019766 2.42319675315947 2.72096535608252 1.85764242190811
-0.194605254222804 -0.336613547725612 0.507692960491109 -1.15413062939858 -0.396919218620494
0.0381170068658754 1.1255250159238 -0.61348270018012 1.18041049586767 -0.253990014233276
1.38361713672083 1.47028168165022 0.849293262126156 0.635829307360888 -0.572960595787871
0.935944182163725 2.24568439785762 -0.634264100080444 0.462012547950855 1.0561455651852
1.39674736305446 0.816209382208178 1.21922030799077 -0.193137231704137 0.393945009310664
1.00473202794489 1.65614383346496 0.530738824093386 0.372474985872954 1.3305416931233
0.0991028644841593 -1.4199293621018 0.250842758005296 1.18036184396825 0.449897829615338
-0.0138480120992136 0.702478208275154 0.813758677871604 0.926214596812093 -0.566372223123102
1.2963675962339 1.27499292306602 1.52851815018863 -1.10566947463502 -0.0154748918040991
-0.171190164007305 -0.20205753833568 -0.460924095523127 1.40621075204712 0.608964983201092
1.68665904286638 1.76827408664083 -0.623037474904237 0.749514143135797 1.1499299750818
1.29070197070359 1.67652417511918 0.644637742312445 2.39422821198747 -0.307131813966693
0.787721494673668 1.49951741567353 -0.141171895645915 -0.612378660306383 -1.52836449384272
0.503226114563087 0.837768725033572 0.956845000741521 -0.222041773268243 0.805162792912844
0.865617187472922 1.20022569478876 -1.17449235497496 -1.25218679294441 -0.611294057653683
4.02667781833885 2.07679204002964 1.97476921429962 0.503612313536078 0.0198647631154346
0.387563337487976 -0.443604763029108 0.666630411949596 1.49514429010448 1.23829159129721
-1.05659393493828 -0.648049741511635 -0.92149683992474 0.0210306462166787 0.422168102726452
2.41510229545677 1.79830167479511 0.592467488873552 -0.0191013613365122 0.557771970695986
1.10984605323831 1.62666336940706 1.53371117545559 0.205340258773067 1.60144380708282
-0.147911623091645 -0.521161963372237 2.65639163838703 0.339450088796764 1.51226029190017
3.11733491205073 1.67881856168447 0.632319525630898 1.52351605263269 0.708223150452385
1.05095042074541 3.21014934892883 2.25460725486944 0.515894736524817 -0.0177508787737382
0.794203684446698 0.17845392517081 -0.3422809779781 0.0173429323449679 -0.766200205513548
-0.277843798253388 1.56953611313807 0.73811342926208 1.13467451457121 0.936319811774658
-0.56493009609004 0.629961083747032 0.180885582958913 -0.864438047609235 2.49345599392479
-1.26841403231106 -1.00729095108592 0.422178411701823 1.09862480060513 1.64564813603709
0.0770804641015703 0.16100415720843 -0.0807390862552495 0.293501886089206 0.679112638376245
-0.553102429190177 -0.30399045471642 -1.11754075968254 2.63936633971054 -0.147834969774701
1.14775524497173 1.2674449006618 0.412982019327762 -0.148813774339556 -0.830856842864728
0.182371811486488 1.40193585360587 1.00156904936861 0.92359224203618 0.0654025831794564
2.26899156918657 0.251151968656637 0.196690016693461 0.617865348417364 -3.14300140248818
2.01058239519276 3.02533252908925 0.824808934531185 -0.580778477118794 0.692799806298984
0.664010316907443 1.22063761861516 1.00240115963492 1.3755266899672 1.89347613910272
0.217236285494792 -0.108779767286977 0.914131742037776 -1.72628165509504 0.163093234174362
1.65216580794839 1.09049039667588 0.00281380286891142 -1.44611130508042 -0.209697535059195
-0.646507632116703 0.0517597465699217 0.0390798555055811 -0.809594662181339 1.56364312173779
