-0.45440740430676
2.5801638705799
1.91611122797854
1.20905363522149
-1.63970731846671
5.36607582977917
-0.688977008631825
6.37014005598418
4.77348560385235
7.40868382352034
6.66385047913241
3.59636445485841
2.60816561937282
-0.893395701568453
2.01261612578083
3.14321174672073
5.89245032230861
4.36491771584057
2.82606242794752
3.59558286799074
0.0279230654293832
0.0561381986129813
1.33833919640754
-0.427716232637274
0.824598061111889
5.0598564811114
7.83389797782094
0.927549938747796
4.50436870064567
-0.284177244902949
-0.0676116181491539
-0.482136329342878
4.02940042408173
0.160208368370099
-0.234607979652171
3.69449283542365
1.34203662856562
5.70093164852357
-0.0190332551626828
6.06918323340162
3.2383458429574
2.95245865512683
0.32721153971792
-0.286887669116543
5.69103785421033
4.44315404186182
4.7972737012981
6.9891500754956
4.61623895056057
5.21576864137145
3.57658341594659
1.64658672359531
6.00701535915448
1.33023776846364
6.61543406949969
3.08932998006213
5.87108014479484
-0.309096701012033
2.71799874413428
4.59492487807986
1.103890365646
-0.862587672140716
-0.293767728334393
4.23503242284549
7.41956232653837
0.582572294774833
-0.00291307027400525
0.797358440076774
3.5560355942958
3.44712103828287
5.44549567341553
-0.465544754907929
6.25835401278134
1.65511181353354
0.214419919836406
7.27341128648122
-0.403787596343768
6.35194876637195
5.31674028761112
0.811710828738499
1.69220180832927
5.90155352194585
0.72153953732131
5.21658859839851
2.67817007829542
2.70486532794081
4.96678089666662
-0.187755438519577
0.403136746510278
3.95454075216963
3.41877056534332
1.02742248864659
7.00826367623469
6.27922579317601
7.18502742470724
2.50224360658962
0.0180527331500604
-0.515583593615017
6.88982759899048
2.92111275634667
4.80041992168714
4.2133032812647
-0.0650210501723071
4.81758500913083
0.340361417009037
4.12756155365126
0.557983335303935
1.81774821094003
-0.015409708479494
5.65679318943362
0.975300937090957
5.38775054848225
0.580191279933674
-0.194214106855177
-0.195004416419891
4.56775673827524
5.06218956847645
1.46444748779666
1.38489220610998
-0.745492057857279
7.05693813775655
0.843667747867799
4.43076150988704
-0.0183708870661986
1.02037385565987
1.01702572269836
3.60998577793924
0.406264764107755
4.34077032652256
1.01883679660274
-0.193899581156685
-4.77925919545139
-1.02177140018826
2.48301678051636
1.06736242086516
7.00077323920328
-0.294470226497499
4.97522353878724
6.28695519711478
1.40778506796183
6.85291125346151
2.9279414564928
5.51559501360154
-0.109915510569704
5.47694021999283
6.90335555417858
0.397170678252967
4.70415339677345
-0.722355132174087
-0.738310843294405
-1.0866309723059
5.15504442793962
0.598891002459217
6.58569967867812
-0.701092969151464
4.96561428059726
8.35350770845225
4.30275125692149
-0.154760672446633
-4.2512988095876
0.824448803558246
0.505921692162981
1.19768492473028
3.57712173009349
2.13849082341372
4.64365871380706
0.413344978532552
-0.959973432865459
7.31579548061229
1.47272110766317
-0.123191822930558
2.55093859452414
-0.91305866029573
3.15504192030887
4.26994872153413
2.93333176850644
5.03843188077865
0.470172311278631
3.37903273103541
7.46637529164433
0.632946090529696
0.441071039736398
3.50970432058541
-0.98598913593958
2.49662575188297
0.286847571651655
2.93538458028081
0.0229334194709084
3.87940928075112
-0.230477551100484
4.03957247013138
-0.361790565541511
4.42688727934683
0.336633133805862
5.12057523859262
3.01930041690426
0.0806043155703112
1.57065926253267
5.47417041142383
0.424549275443944
0.756343188897124
-0.422708676099555
1.19296979788123
-0.542681002440705
0.626978977370026
0.725210422288244
1.41982910062509
2.47522894047826
-0.0519693153173946
3.58630079709278
4.84337570938754
6.99665857673125
3.62175447821331
6.28446371602592
0.126539334689982
-1.47856487377
0.123483766973422
1.2481595396983
1.18488818032113
4.61698507665084
0.825061201412393
-0.171634230449616
4.17868959604942
-1.04998737863196
-0.193073832588769
0.047065275893829
-0.740469338196861
0.0179478838878923
3.97764437713178
-0.00733337567597468
3.43031252003411
-0.0724104876430533
1.45063396711204
4.14041064816541
6.90805042653283
1.02832641884025
-0.0843549380781603
7.82974384852058
8.17887878469775
2.90758646125079
-0.518915479842266
0.685095407828502
0.344037567776652
1.39935939830125
6.00048872810417
1.5349314293052
0.963698080856675
5.39705239520578
6.47213450521325
-0.242543494707651
5.87762741119556
6.5278805578427
3.18439549008185
7.76570055928214
1.6345722534458
6.18870298775104
2.39080448176611
5.75638987310371
1.63143065781981
0.00805574379241652
-0.577693652761228
6.27958698415498
-0.116946376566058
0.945161341618456
-0.316937727368161
-0.811552733580019
-0.850964201406145
2.37359687582805
0.693376259848495
3.83695676525986
-0.82694253873627
-0.458779150889256
6.38475660166876
-0.420626971978616
7.14257015555619
0.0791975502974451
0.963013358323238
5.42044803879491
-0.05917629521438
4.95047029455861
5.62395773377049
5.26466650171427
-0.599374257608537
-0.598080249618611
-0.508767385869867
1.06350674781594
6.23398534658383
1.41319846505936
-0.35195183860435
-0.724170395416554
-0.705784920954767
5.88352288036328
0.255047468025585
0.113757839071631
2.99214065780507
4.5415043226752
0.190819579120484
4.42035994116538
0.276101969169943
0.740393516251928
4.73460057654319
-0.523963595621089
0.0405098612622026
0.524979799711275
6.39471265788546
1.6691003973203
-0.57080529154393
7.13749435878115
0.609073989924781
4.48523692731552
5.5461694158773
2.26743054743055
-0.795466580254413
5.0974146017311
2.83992685035738
0.0430125745889648
1.52900519539368
8.96724637546737
0.670974218683637
1.1776763274376
4.7007328381867
-0.541782405374524
1.37713164526812
2.16759931520144
2.51153965593395
-1.59369103477349
0.700470100813352
-0.610736540310986
-0.536720485004765
4.61267664725799
1.21231200119833
5.64473019619089
0.345346824153019
1.13076661385296
0.491958955598491
7.05012777388074
-0.029963805041936
-0.216014208552491
2.33735107809252
3.90144464673446
7.86437761496143
-0.638479175558097
-0.278874348897529
2.67079838428765
2.4832919012535
5.45848381125372
2.99129331780672
0.242441282584389
-0.401463513204393
2.15001606072695
1.89568473047633
1.9750841834663
0.886364834520726
6.36645359647455
1.80228773789243
1.2555882353815
3.99111535028871
6.05350960491187
0.295317807711164
0.234989294088941
5.35167973165897
-0.175605558699538
0.36612674072412
7.46601709264474
2.31237366597615
6.95873444508757
5.86179234109588
-0.101254417504706
0.0478335595094896
0.659649057437549
-0.65955269222553
2.86942682135281
2.0524779643404
3.95077383261593
1.68893430005689
2.32322989254825
-0.89016860038388
3.61894449078
0.469030135339105
0.443781267386638
2.55883016831233
1.93931402090957
-0.339759668798312
1.97431182900928
0.923439754830355
-0.328155886474723
3.4456661823991
-0.0388953361734662
6.76360370108544
3.59714549359893
0.216338492767843
-0.224294728975744
6.99488163069684
0.552567394115201
-0.220123855188365
3.6046596307461
5.25175640424577
5.22520360102004
5.83929846510149
4.87149082136506
2.23680170318079
-0.582284709245141
-0.8229219726352
3.37143608110741
-0.819049344737671
1.36484772759505
-0.630623098004011
0.486438172334165
-1.06029959726346
-0.346935925457848
-0.415659344084055
5.17712952373459
5.56997647305015
-0.0228119596975205
-0.929926816171369
0.860733354966951
0.654847411159394
-0.183710900468733
3.27794009522307
1.44138059326146
7.43368726945227
0.0887953917459185
1.19268963535189
3.79345049728499
1.04521920818115
2.87606302720328
-0.633058775102205
3.44531526569144
3.42035672856654
0.784871929703152
7.69734338504797
3.46650715230014
1.2110892730364
1.60706291758695
2.50647871914787
0.886048277181846
-0.418192474737628
-0.402741650614652
3.14702509431742
2.00221475641392
4.32412216648802
3.08504052092319
1.59503333907706
-0.31355819232869
0.00546224535909623
0.86980537612763
5.01347932977187
1.68131600462382
5.04609759284675
7.26097754481575
0.731953218668266
0.410207349618507
0.0403733129545978
-0.829480883905591
-0.336686874926826
5.21849310834671
-0.674882645006536
6.88866136777271
1.37783762598642
5.76845158134883
5.82603105327898
-0.123730971014037
7.85161884046695
2.31333826876811
-0.957750158668404
1.10598701310782
4.72533177728334
4.4250697721267
1.69511033970489
0.722579485646933
0.496765726401808
3.59779934044486
7.74742244967632
3.80753444735648
0.473854151724433
-0.563376135361093
7.79348874645574
-0.818419811806784
6.03998173177827
0.0952987947814446
2.33562490952306
0.895254639465827
1.9668903073269
2.67364084625727
1.57253011344874
3.26852617215109
2.95773627526841
3.82895160498251
1.05322244114928
1.39814157516373
1.30793516958655
5.8820220070482
7.23209153696774
5.2232930535787
3.99324309661208
4.18798881318654
6.63921365491401
1.87313407850178
0.445652698588656
5.80900124115534
4.03685241026651
8.14578278721094
5.99942710181715
4.05591582346923
0.198099516463955
2.55916327986368
0.942815219887895
2.11012259432842
5.78860825097826
4.92033975082675
1.25479046748307
0.411860130815918
1.92872362024081
-0.781118894792166
1.93513222286594
-0.38163769197926
2.6710888886946
0.971048631102142
1.23403879916297
-0.383343787862565
3.83015247585875
0.171339175473035
1.0383473321392
0.911599183844183
-0.735050702998105
6.2246749719458
0.564564792795261
0.440550387940177
2.21558392858663
2.98824161494813
-0.23612301559251
4.35853467883107
-0.315362026319435
1.00114915595517
0.0184741365413462
0.261277820910441
-1.56132027775298
2.44997407281888
0.939231637057878
3.22344904586936
0.61774836128096
4.85303228954764
7.63959281352887
0.838840023217474
4.70300697725678
-0.81198633374578
1.00522379583133
6.05498713393258
2.38584780499638
4.37993241906023
0.776576691602122
1.32127272366543
-0.223881051043588
-0.548734922566966
0.959066254606829
2.39173314317022
0.259169931675567
0.398022441122516
1.23992406265204
2.83237440017377
4.28300431770887
0.800651921613453
0.294325599476015
0.772893337596848
-0.943710796152353
5.83055341641734
-0.0160208858358198
-0.872412457925881
-0.211007172052017
-0.061481398418444
0.838958431743638
0.473889978401393
1.63076429718481
2.65893229012271
1.98999544237142
0.737744010733192
7.0143324743793
1.67487890913483
2.96471812537105
2.3827282865518
4.70551883546564
7.56379234007639
-0.210323305489585
0.507995761274254
1.32803458092637
5.57158101703007
0.315038344658539
2.14869716542294
5.58741031656439
-0.787096514179408
4.8726880064057
2.38085955783389
2.904293153735
0.183062536508151
-0.61175723231458
2.61069321775448
3.3190250980532
0.76662416843363
5.96561765554686
2.3306862248248
0.42209264031468
3.11316590380834
1.90427278732716
0.113623726389858
-0.906226192972606
1.87954103830378
1.8723266845806
2.8248318321087
-0.0136401654690031
0.98447947016712
3.48937939439037
1.72986605759837
2.25003347667861
0.786287613684183
3.73710483084142
4.18290526267617
-0.357968220664994
0.841065977124886
-0.980263068931927
3.94138583766855
3.12109986822235
5.55064658642848
-0.651364024464465
-0.785138693798077
-0.344153680918857
6.04837364674953
5.89320642790489
0.28190366076906
0.0905274542870217
4.82843620104825
0.326948575873258
0.419825743089729
4.05242724052909
7.21309620711057
0.462522141958227
2.34209843860316
5.07406433871419
2.14579865815159
4.73896918829055
0.638835524644217
-0.679662463500598
0.688523009240974
3.22440034171559
2.0877831598542
1.04089250988398
2.29418464528127
3.07308850981061
0.450058184715682
0.286358528297362
4.48960276186278
5.01812449548601
1.67394845134338
2.58261197143665
7.67424800736091
-0.855198651862278
0.188268701281427
6.20534581359996
4.9169536233404
7.68556168416681
0.771196939188966
6.64776862913712
-0.934496904116939
4.32556780552051
-0.129634154392278
6.21428316618291
0.460278206057521
-0.323181575667408
4.49999969114941
1.76371747859492
0.894478692588752
0.845810061357255
2.67476890053612
0.277259090295354
-0.49195439977182
1.02249297127854
1.21455892521579
6.19763939383673
0.611005868134176
-1.13202387714789
3.88572755789744
0.238333439458489
3.99816880048968
0.379548336671956
1.39305284284295
0.74458682523497
-0.469635527325312
5.208783662514
5.01813555229839
4.07226806394576
3.65826838498231
2.01933031200824
3.2387454729419
-0.376351016415494
1.61357446766858
0.388385027288355
2.03153940020878
0.8166727723777
4.89410035308045
-1.03246749791319
2.12575708940778
3.19823720091116
3.03122465676798
-0.406150400790814
4.5704764121917
0.910220493777326
2.59510222100233
3.3528833164372
0.974125282611558
5.69820584390856
4.31913546256162
2.91065480138701
-0.200960099486867
0.138053697409966
6.56002829355182
1.62531117246179
1.12394901364042
1.72911899274256
4.03892848489728
6.14994593041422
2.16097173385561
1.55563184657518
-0.470801176212808
2.01307431902427
5.4354839323131
1.95176501825373
6.41212864708451
1.08276160569105
4.39506221098474
2.87101614278183
-0.89762920058987
3.52302657563147
2.13234302011636
5.88131226713202
-0.776007870296778
5.7307591017446
2.24871792257398
1.8263880691175
2.57533248406248
0.397643849146336
4.90815540214036
1.61332476828734
5.27685003009258
1.15983634150495
4.90449746051603
9.10365014051612
-0.606498199305299
1.72183566345772
-0.855332888159098
4.70475585029563
1.35818466362154
0.157821595374779
4.03291109160302
-0.217335076307466
1.59810636221372
1.9937718052176
2.70301284851451
0.136738353756593
2.29546366011073
1.13222893850877
1.77854316872191
6.25850152037867
-0.330829119898585
2.4217392180557
3.19699200608082
-0.402148297401334
3.2443281446163
1.03289086652051
0.196147418480222
0.555718690293664
-0.370277351551546
-0.516015358077314
4.48766860024325
0.00463392881746316
0.198774788453623
5.12063778391392
3.29994102581734
1.24828248269725
-2.25933289963499
1.87438124006543
-0.497498782032147
1.91731932846499
0.669502054165322
-0.154594058255822
4.89018459134061
-0.35213951958736
-0.196743148201647
-0.969540917000592
7.94505655101157
-0.374540099378906
4.71107067362603
1.44228874983697
-0.160834982992209
-0.593302440439055
2.56440810392738
-0.711913364135066
1.44054999617711
4.75328184664839
0.369672471434926
5.5711851326111
1.75744567579074
-0.10472950559738
-0.871649945157025
1.48563499173444
6.44833149421946
7.26458952848819
-0.0793498519924096
1.36028623535344
-0.927854009657186
-0.424345497792567
5.1280293638437
5.9876086050043
0.351810956922494
2.6658387102731
3.76688739811157
4.41747775017749
2.19744283572758
-0.726483263953817
3.08255105338263
3.81522934358701
-0.308757259577415
2.4354505393973
6.68624503083758
4.96219624313751
0.0566495352447421
1.71625343417061
0.355850753333904
-0.135556072771841
7.5955260641634
8.7504333684393
0.772584392204652
0.99791599213807
1.67559857241721
-0.290699677157356
1.69455939549284
5.00548315800636
0.330380339385666
1.89482314048311
4.43158786070862
6.43229776315762
0.31049197530425
6.54243808940302
-0.702980718994065
1.66459784558221
1.39565842041009
3.16301911576244
1.16583545694825
-0.990516769570722
-0.35652129846467
0.27505660597341
-0.249165141806206
1.16277113509097
0.492090548765504
5.61592499929291
1.53541030031707
0.240344790009637
2.11164742791664
0.637283483310643
0.657622258599533
-0.160195023618375
-0.53604301211092
2.8544953628601
5.85196320551516
3.89825541942033
1.133953209866
7.07346607093896
-0.319755706405631
0.558530766298155
0.813145621591987
3.31792825963222
6.5020103777415
1.38192139596144
-0.402607321480759
2.30100343042155
0.19211765609367
7.97425432401466
0.898940284342283
1.89308032783456
4.58014467433143
0.207826107631764
2.04664585846237
-5.86874670239357
4.42528297012819
2.14673776190461
2.92967874342735
2.66333750777246
5.66938577094331
6.49016227234155
3.60755316946004
2.09334587853586
-0.0511783289693799
4.82935473501464
1.36434952464338
2.9566207075469
7.19650270603745
7.11715913719317
-0.567640520894435
1.77061237032681
0.641639659888474
3.43326219133129
5.1930392379693
7.32460821091892
3.41619433604002
2.41729785628006
2.23827501973111
0.135973459073363
2.83445525622143
1.62555685384545
2.1298175845706
3.7122776650598
0.81765240692091
6.95543846017309
0.162776472257053
4.70059027286592
1.12173436643594
-0.132277974040711
0.275270940030205
3.36424294099087
1.46425613227235
2.1063452778351
7.38813173965384
-3.9034829108422
0.617745741468238
-0.871991924149024
7.21600713983494
1.57293046456676
5.30265789380163
0.397841851838476
4.32126359496235
4.88524286569039
0.205810167903529
-0.49438979511117
4.9290541284151
4.16478021120918
0.864446830490469
-0.825658369302922
5.80579590419833
6.78752453367579
2.4580253026101
6.24248978950873
1.62707150332848
1.03443976902679
3.63647689340675
3.69526120371119
5.66872586965046
4.02868096900226
1.42114719762075
2.03638905658656
2.11679351905582
0.718900580721342
0.231857449069866
1.5135633414602
7.13843108007708
1.33304477470611
-0.882216496590427
2.51680007720403
-0.662210185023355
6.17793561059683
-0.375803389248974
6.25661133282128
2.04638587049141
1.1845553281459
0.186587429572443
6.91926585833875
1.92188588216011
1.50397715659322
6.61044822002788
2.60353757754956
0.935251758713733
0.150702591166859
3.26145440234178
0.177338419494151
-0.770160763850254
5.23168120305107
4.57707325105474
-0.709427459278145
2.08093997228061
1.14933016925049
5.87224627117777
5.62076515327301
6.58235687082866
4.24548993951824
-0.425335854543751
-0.195691502993843
0.292569004777801
6.94490283281951
-0.774175740971215
5.7805702558251
2.39720138729842
0.768884652349652
6.74950463504514
0.859421152358248
3.50721806812948
-0.422531405019748
6.93906216020475
-0.23193282555136
0.481273061627365
5.86325548644662
5.89155373791502
-0.77732387919805
0.104236221756074
0.391171147119243
2.72676959348436
-0.358745804925726
0.791630055322168
3.79332865577119
0.345001913145562
2.43051295151494
4.32437915971888
3.65212991325744
4.54455114697337
-0.760319196745241
0.782044116180863
1.05394032424461
6.74731608004754
0.0990302147979073
2.48229230716121
0.277967813561084
1.88012027056453
0.252636552058673
0.346402592385315
6.50700134248453
4.71003795494644
6.98479444858485
-0.661308533748079
0.83621463988033
4.6566353058453
0.236431683849815
-0.785596974530068
0.937274504484405
-0.0745605924387831
-0.580359231650486
6.7143852086284
7.93045563960226
3.53622841339019
-1.12482100870048
6.10846974838545
1.71347515284226
0.862661244023148
5.65007048580948
0.492154485506151
6.44355428178204
-0.225534471366266
1.0798702958404
-0.690525145315649
1.11518844865842
2.31395957689726
1.11730088957899
0.784308034813301
6.40906084830977
0.229560778363073
3.02457625374441
0.523970356465327
3.17247758464699
0.05823234928788
7.70389039708561
-0.141391673717766
-0.174973285284233
0.647836255495825
-0.219652157506781
-0.61054428209381
7.51383334422263
4.77947088274252
1.49071559791671
7.38993105313356
1.55739589393137
-0.539020445724353
-0.0205742304865442
1.69169510550507
6.24977966134971
1.60515576184901
-0.249828854326165
0.868921862286767
0.532053263980261
5.65280100858582
0.297022030125054
4.74056728563183
3.20391835172696
2.31422540667082
2.78709381062277
1.76580340544913
4.31608979429129
0.524973789793611
-0.332262916769132
2.925993593496
4.55913715555688
-1.10394274904495
7.55623102535986
1.92765954695411
-2.01711280535712
3.38616013736693
0.13595813800566
-0.403561151591886
5.52934848624518
3.37529783969103
0.24048303930242
0.278405568208378
0.884682347312368
5.27720094197507
0.202897066057883
-0.104229454312111
2.19176005963219
2.51224069206406
1.89273855034499
4.62370125720932
-0.201656041815794
0.179433616217926
3.36147644571232
0.511845525475622
0.572342469145248
5.77951142008931
-0.273663979002341
5.65307088032149
-1.17420983733638
7.02873721223796
0.723501218274707
-0.163787524761323
1.75115540579096
5.92284261707987
-0.249245139985632
-0.563715050465239
7.88359217965501
5.15439402989866
1.357985267838
-0.119664207766186
0.0343812537889851
0.0251599968549935
5.88329256886916
1.57541489974562
2.97782477435899
-1.26937232811341
0.776367492137393
0.181933103274993
-0.656827936512594
0.907429506708361
5.93549838463697
0.897838643558126
-0.301323042981797
3.65523546718869
-0.401436866412222
2.4079388412188
4.03808509354986
0.385564979508122
2.66604700609368
0.0725537061051429
1.42846348115856
0.575259328938581
4.2627200108577
0.228720938901335
-0.422762691912445
0.478864781643791
4.34754400337251
0.0811234841290665
3.02193370618076
5.53870578795914
1.09944943340623
0.528836243982839
6.83628770091749
7.23930233839629
-0.889759000788248
0.561699778858763
2.34784708976726
3.31575287787574
5.25147308582928
5.64647044011277
3.64611018890672
1.19561298967608
1.25079523222555
6.23182027293486
0.374614801417637
3.82601729453056
1.66489635542988
3.16728294781206
4.27736864354996
0.336894699610064
0.0326806581982334
1.26792703599031
5.35486184156875
0.61111375518433
2.78014784600442
4.35319015254906
2.94516643627694
5.79897928846104
-0.201522852360824
-0.612677626413348
1.3562525246696
0.655230235402178
-0.390799515632181
-0.519497809447592
0.446507113157649
0.980275335533431
5.16907713264357
3.52596424571878
4.86738070583418
1.95596746762344
1.63683254037365
4.80456792888784
2.29440498677817
-0.297330394376705
-0.00778429582281715
4.97934258235594
7.01363927621799
3.97353049503119
0.241992494404656
-0.170839715511456
4.54788697140628
1.56328058155462
1.10527501340117
1.65514996289308
3.44292196628239
0.320091861199702
5.4897753765014
4.33199070016544
0.0413162762428236
4.08681213150408
-0.0512797744776422
4.82768912520696
-0.0557556185415528
-0.113247063547457
0.389745297400904
3.55658917006053
1.44086227851564
2.30425916597715
3.83909288250669
6.25149015575069
-0.596818084912765
1.4079994604478
6.67080935279053
1.81405581489367
1.39344449878339
9.41861769569896
3.06134597289674
3.27577318139386
0.542292649913733
1.35637216106058
1.39956709043168
5.34430841692821
5.95374502428459
-0.944377868942213
-1.02684571551957
-0.0802153155398089
3.16998131126749
2.88091104817611
0.548670818512316
4.98332924467551
-0.253315801148871
6.37945908366038
0.0730538369165332
5.78143070207784
0.12447774766826
-0.597817293558805
0.607827272600383
0.0216495467392388
0.182643153356007
5.3126183153927
0.144018464964211
3.37319958840014
0.635668296057025
2.04221036309683
0.04153586619149
0.183573358734257
2.99907408814586
0.634545392817292
5.37052935738002
2.00381245518877
-0.154270312277856
1.32892546250964
7.93650190569625
5.90934048542563
0.361384873898076
6.21388325893117
7.01727279325734
7.47095959203771
1.56855273088704
0.512226806732816
0.906129930698385
5.92861351226706
-0.334446208786734
1.70291860012441
6.7708561174895
0.840665939080644
-0.413995079530799
-0.286101668858764
6.30805590697801
5.55023095974557
-0.788931567007801
7.11505450369591
5.11305285582979
5.10158997266605
1.09510729449388
2.81172068462442
0.948534430460631
5.49644479174915
0.732112874352875
4.96878931241106
4.92971036885846
0.526458014997004
2.66315667797785
-0.621897207866315
0.454538619270688
0.633565504956754
0.205730861779428
1.51079565944618
0.0516717785038738
4.46904321280982
-0.214879870536602
0.396024339686675
1.92229322136275
1.76478093125329
2.11650123150004
1.28599341811549
-0.213243946903353
0.753460216763213
1.30829608205067
3.82259012465327
1.510281439165
0.762729939748285
6.48277914100542
5.92991545990798
0.269603183637203
5.86718227449312
-0.373393817376474
4.85456414092892
5.05589010487992
2.29953654445758
1.74692580517649
1.97317419065056
-1.58066385712504
1.0861656439865
1.06492722765155
2.70507915208798
1.45319444209568
5.93891558112398
0.746706702714143
-0.385113802547012
0.839924546865896
0.342295929690817
0.350455852677897
3.62046445184259
-0.407162748147694
3.2967612486412
4.55118251332771
0.374606082192152
0.906323839463447
0.300940060376444
0.695318097804549
6.20281426792579
4.20814445988007
1.45696266387185
1.7408026023826
0.171186152597291
1.76050515173853
-0.865164838663881
2.53420915795165
5.01873269098718
0.0577386209518475
1.12452011339255
0.844565220018249
0.856446942103025
2.2944694394945
8.41044318566283
-0.510448546826935
-0.925975730993832
0.65024624569585
0.585194833369961
2.27800699809557
4.85887362367773
7.80624714219473
3.53783708632334
7.15069216458805
2.01856370246505
2.02599381328328
0.290629497863167
5.80770677539359
3.43388855323604
-0.868865492270244
0.352806788558968
2.59246657093844
0.0502989866236805
1.38921151180493
0.606967293976992
2.33421834318487
0.839784360737306
4.50976914830451
1.18895521000931
-1.14851737083038
1.36699835922456
4.465177855989
0.034590705310447
0.58575464531134
3.0040579207453
1.64881618582159
5.41694163381147
2.94404770752859
1.48798355314672
-0.794348875303895
7.57994776905993
5.47428957886861
-0.189991330354344
0.105842265859491
0.634783377902527
1.25072899940997
6.91342670231008
-0.0826348110007869
3.71083934376211
-0.612415185619707
1.33860476752911
-0.886001617580427
3.14424589197048
7.50163636447985
1.0347250922139
5.74317539119409
7.59523347985522
-1.22525058146606
5.89151609033839
4.0121255884872
1.39521121058145
5.74107585843704
-0.0555207493649113
7.01782189202534
-0.714713739058857
-1.45668354901377
3.64446570951398
0.385895482568092
1.0466147758942
1.60883418063084
7.85749069304146
5.96279745623554
6.19016779231754
4.72926020671617
3.41099897131733
-0.0275671758131791
-0.518738997092256
0.317597004763999
5.38754926304197
1.82491076843931
-0.848826467581867
4.0033250265585
1.12660643723791
6.80490408955806
1.59536134464605
3.12199411414506
1.84836987422359
-0.439790194759651
5.55014101295955
6.10638987956355
7.37739794912591
6.96921400008755
2.12997648941592
-1.19959269522158
-0.298487449630922
2.58511430661073
4.92881430683771
4.85677749715741
-0.595837650266169
6.40513068326729
5.41966181534324
0.280478672482912
3.49170785144661
4.46473625186109
0.0995188313477754
3.96580172371189
-0.346418590551281
0.135111088814312
0.421172423018447
0.481053444379843
0.168253980469256
1.30274414726061
0.794165704883923
-0.897029117147018
3.37401878820747
4.14910692511188
-0.886579054067765
5.9413005228142
2.54774583707345
1.53827581810931
-0.146251313231179
6.03770726334761
5.78202821046206
7.28276461074678
1.32262174520801
-0.429126715814317
6.68334382554571
1.32880392758815
0.208318459694986
5.5708728123796
5.16051954752694
1.02588092075955
7.10779278232857
1.03575148619474
0.354336458673738
-0.753209351059868
-0.450458165269326
1.95269961126363
1.16850530718737
5.18323334840443
1.6288629002463
1.14668945300104
0.0178229265412118
2.28106262466238
2.17261717112908
-0.564188558915148
-0.670667606240626
2.64741389881381
2.19584664662275
-0.285085886610597
2.04486051230363
4.07236863591283
-0.17038227725804
3.08588574776555
-0.713930875454051
0.691899518530188
0.350524801892666
0.288901566421273
5.68926343385815
6.90757008112974
1.72908179970995
2.39914626329815
0.891127036062119
7.43551304760479
7.14046073652032
0.54960868680302
-0.918690779195689
0.492086309924827
0.635035531789555
2.65385864579434
7.22407796310441
-0.465045971442253
7.41306333511456
1.26000434084824
4.49009751829696
-0.61805608876398
3.53426961684463
5.5090295609461
-0.0857124966590849
7.80557594505534
4.27253309090043
6.67642771269518
1.18499477120333
-0.561055464366607
0.578459106341566
-1.67150147583564
4.97285862850843
4.86852281932281
0.319246257379998
5.29979867767409
0.184800797687843
-0.270074528468064
-0.728328979776923
-0.0950543740796825
0.0466741656361269
6.57794082776615
7.14319061194338
2.98774762968422
3.33767630304692
-0.808440423366403
2.40876203247644
-0.0426266660114813
4.9212476081079
0.500054122214783
6.87186363758889
-0.0955801829265571
0.805369671728285
-0.996847135176849
0.89100862747542
4.67060836694939
1.1454860581259
0.0181774995325973
1.0419185862123
4.64962231222179
5.70461605948594
0.790869217501241
2.83480077291317
1.31704460895251
1.76941550435525
2.09586907825949
-0.0853504531460023
3.5434291075755
6.9837271305563
0.319510007153908
1.56038223819533
3.25205274153328
1.62189222170548
1.18735632722085
0.509020299605469
4.65493943782195
0.444000098588336
0.177088066997655
1.07106950257951
2.2228873602344
2.93318421630185
0.764480443068587
5.17655707643069
0.00178833191482862
1.36937251048045
5.29912476913331
-1.94630763311953
1.97687871877485
-0.0314092811074751
2.89702627002454
4.28145029968939
-0.931930175237477
4.13805539419589
-0.202610771169787
5.00760886846954
0.481208058105477
3.53030327140569
0.523454901285405
5.65853833476552
3.74224394176911
1.89356181808962
0.546012142379252
0.931222236417772
0.0493555156176171
7.54798492146162
2.80035806328813
3.85444944657613
1.75564319631533
0.0273108048046458
-0.333860852668454
6.73960173603962
-0.532871150769238
-0.309334831336971
1.03809661469274
6.65409733188843
-0.502979140063266
0.00781819333773685
0.186042547717092
3.38200378258735
2.00563037833464
-0.0550154030110243
3.03552465734754
4.18579874590516
1.10392771816556
1.73001392969611
1.01489976017425
4.48817328859066
-0.053591591474693
3.71038136282694
2.38711820403447
2.81446865189514
4.39005592092379
0.140668989874587
0.831284811249047
1.83868784753179
2.10554073860329
0.974431409864185
0.686447325199025
-0.682287833170874
3.21306726524803
-8.43821219315005e-05
0.22591456017626
2.45544578886459
7.25238332677824
5.4121242444558
-0.162994674742603
2.02568502724266
-0.16276367019606
-1.79155130952732
-0.813795172151039
0.907314931112845
6.00551363280369
0.986748530756476
-0.182458979988739
2.33180663240881
3.71794783747771
1.40313768355495
2.19779500408478
-0.769791776721159
0.981527041657266
8.44058219415291
-1.67237561732292
1.39918500578689
2.08565316054714
-0.688032387011623
0.278488779114542
3.79118534911236
0.107460398945175
2.49303268915411
5.59134714042922
7.81466669767325
0.333498886990076
2.19327935975233
6.70249833882997
0.649183278383937
3.55594082019516
1.35464471152796
1.09080012788487
-0.838283434723954
5.64982277096951
2.20610571434377
4.05676499949445
-0.414874859238281
5.99473596111715
2.41928596141495
6.09411950615133
0.0151292510443299
0.459202821159349
4.56256270316568
5.86171410453058
6.18788137491164
5.10700684901268
-0.572343579019705
2.59349996823308
3.81373035385636
0.422156872632314
4.08666374376477
1.30424419629325
1.32125590539274
7.32384812577954
3.23911113252221
7.44318355554411
-0.102204848453098
-0.0018944554616179
-0.372367215809735
0.124085942677811
0.0781164082008596
3.92762658092091
0.206372580815283
5.67776746385964
4.15221518199301
3.85875489840776
-0.0576954293080818
0.472382924881536
0.47209138556194
0.248524523588122
4.94430027714847
1.66588636490054
6.74613793762696
0.704699499025057
0.807766805136967
5.73526600793855
7.68389434817661
0.159818205887031
7.28922778966392
6.13516052136521
7.68270623206051
5.67608026732803
0.144494206919429
1.50816195429503
-0.119626491262942
0.0449284241254736
-0.237310355075542
0.051071059662399
3.96796205647078
2.95834221341015
3.46264702985472
1.54175671929595
2.7407295048418
-0.852345035729818
-0.870814254651853
0.242230113322685
2.0176999024492
7.97359253676447
7.13130308366977
0.606064044143969
3.9583377295932
5.59010449096585
0.417113654944093
3.15024217529651
1.42529864406349
6.82469065396038
-1.49571778175611
0.971585956956682
0.841692919993514
5.12857063856611
4.50647154468338
0.45609644640898
-0.441390680273966
-0.0828442042228631
-0.377108754362073
2.12537633053536
2.25302376111967
3.77845485289752
2.24982357478963
7.18062527997595
3.16462737566349
5.78921209335363
0.171051214706222
3.06567388952357
4.25735515209604
4.2333038523149
3.02941583752788
4.77560603655462
4.68586567576303
-0.730966255289029
1.99441495066511
-0.442288923937441
2.73733799287504
4.19592710728876
2.7261013771859
1.00843122420611
0.0860508321874219
1.13856943490628
-0.130050694157292
1.67000215057503
0.458777545567058
-0.532174171249618
3.94341874637808
1.95058398484725
-0.208592090054655
0.0977601049753109
-0.847208479336205
2.22922754667192
4.24581891024529
0.126468949959922
4.77099953202771
-0.0232296923645611
0.557623342243761
5.24824791350605
2.60062468213282
5.93512858898928
0.544216110980725
-0.319548470397565
-0.177467361288566
5.25624646769687
5.32488215758727
0.0436507063294088
-1.94046267631219
6.24973162141301
-0.679409332789081
-1.11206457639612
2.52023961897227
2.43746481456833
0.494685461805827
3.25272470296946
0.675876169378668
6.37173473427397
-0.305752630138772
0.75412122983639
6.24930246543362
2.26464901596924
5.80265452318207
2.82210403440235
0.0527857535305988
3.16259873507855
8.1621923395765
2.37242569933599
5.61861870044028
-1.5071155032508
-0.600160501721811
2.32853912123349
0.362791001088106
-0.213948722424215
1.86093292288954
6.23586098928756
4.90001139322025
0.649160382489696
0.883111154561297
-0.559075773699823
0.737576515940983
7.5344787513506
6.31637020683567
2.01325121566625
0.00685148168120417
1.47878745041604
1.28685929407676
0.361521229438637
4.50999237862314
9.18259146767407
0.570055368328555
-0.582477105630385
-0.459494256283957
6.96811513934282
1.21297012663
6.44207975084029
-0.862221725834645
0.0387669459223948
0.618871154834006
-0.305889361058257
-0.969291152089736
0.156350867077048
-0.795452757290791
0.337383701493502
2.47181477626199
0.833389582771008
1.13394165730754
0.076330174096354
-0.00181480094119514
1.15728924805696
0.533782176821362
-0.721455950321293
-0.31217926647465
3.85878757276861
3.58496611616958
-0.462122725751478
0.356174176276457
0.820786034971814
4.11103409006048
7.46546358864721
4.91382257091167
1.46823316061136
6.84199170544441
2.01268598628297
5.78624573310738
3.83935627938124
-0.0805843221496837
4.91316836831222
1.51582515358491
-0.296084571231791
1.70370514768384
2.34867817800977
-0.670367506380737
7.309545270581
0.187371852468162
0.294036501947901
-0.146820300080574
5.82564162240385
4.11580854106358
4.59212469821622
2.0418565121882
3.53633876234369
7.13470539665129
3.31362261374317
-0.618336554586815
-0.0596663950819546
0.31069753719884
-0.150122867349204
1.00991115709617
1.74316272107487
-0.402978657640434
7.13742120617876
-0.186738956176831
3.74907891233498
-0.0551258745791646
0.599154330460553
5.76084847043104
4.71553808444495
4.27814976397702
2.61585937802986
3.64163340983409
3.66919653200067
2.6305835843937
0.23453930198081
2.0164517957489
-0.138151128403524
7.58520923355439
1.62511869771004
7.69098170393146
1.16308795710865
1.92133275079847
3.40558393601817
-0.440759478187739
6.31866337020017
2.86073132737084
1.84024894302287
5.9298996221797
6.54224906569407
0.493931745854386
0.421474320634501
0.811295404615531
0.884576521217757
-0.633220193623763
0.288614546896693
5.13864256579507
2.44355345915007
0.481189009812393
-0.171495532671653
0.26984719166484
4.61696328542643
0.181396659923782
0.892378321570275
0.257270104161964
0.9644043538306
-0.102943090564721
0.627284557394234
0.00489977167858006
-0.123718703647957
1.99575742102254
2.59763466840091
5.98164498822862
1.31455031630726
4.58442250164371
0.791446872268792
6.84824799406005
-0.092498320890969
-0.982988144734848
6.19657271031826
1.23322660140751
0.946398863799325
4.36687357116494
1.01774994871886
0.673246428181746
1.76665741347779
2.42996181486799
0.707936841594437
0.33507799894938
-1.02105461187582
3.77553598971658
-0.252046908279753
2.43020014124267
-1.17897742088893
0.984397543324981
0.116415608281938
6.55475071584348
-0.562950934232316
0.964763760673313
2.96425132164184
-0.00333585112172176
4.76164322005824
-0.0390010625216239
0.319472040243652
2.65950131633502
0.989790861756828
3.19583095893735
-0.457591020964189
6.28351203543441
4.67954192042084
1.88809703756878
1.46489055569434
3.25153852394891
-0.419084703715911
-0.430995203468521
1.03116641129545
7.58755335660043
7.8939252339862
-0.680483467799574
0.502136066042542
1.62046765112019
5.54964708457948
1.65031143090516
4.54940445245826
0.963276738332543
-0.875419812088259
2.12960472802373
2.2088630572586
4.10035639256062
0.434496755445186
2.8381826222777
0.00704061023852751
0.301688844175895
1.24155772173366
0.695016760051183
4.67552928227028
3.1971392359042
6.91322820659654
3.25391823080783
5.95890092438392
0.229799212663311
1.87513805517662
2.31634627351727
0.274352601691471
6.42443645591254
0.829202172629862
3.26361017575482
0.508325181153
4.91894401924754
2.98563223360188
0.318446987697105
1.15745751684112
-0.2673051926556
2.24983131164196
5.95634485914076
3.70489224439013
0.421218032942162
5.78779195080306
2.85696981332394
3.95352403279139
0.687597883178421
0.0111255645344174
0.352055463391394
-0.772599883861002
5.87826783776324
5.54207109219288
1.79390882080323
4.73239196130005
-0.849355637925588
0.952654094869522
0.847308272660628
0.625759690115561
5.21246813268547
-0.116799001538373
-0.0202099521447147
-0.0940287372854849
1.11570892889132
1.44499845872559
2.91505620286972
0.714456394730577
7.59903529632787
0.0231300243067791
5.2849816870131
3.07382586899037
2.70733169293115
-0.978761211935109
0.60694968758768
5.71010566268339
4.16031276697918
0.0488991113144771
0.772182539451744
6.33058094257183
-0.0937001007994775
0.970548050176016
4.28924834386269
-0.350186289042302
6.16750352108601
4.44903080460961
1.39668756484531
4.96662875551689
2.70525079218644
2.51303490172393
5.80798856547368
4.9877725161889
0.503086826656809
1.4659449159615
-0.218730836157551
0.227671065523674
-0.288689878279248
-0.709904774667644
0.347853887030062
7.48927051201909
-0.273686190901749
7.01124224757681
6.09536591017455
1.18402714800524
4.07103655386214
-0.755235151949636
6.56683249684686
0.846964424316208
6.47980202245652
0.81501993138032
1.97282540081528
0.819122622789826
2.11146955572269
2.24858730283032
2.90147653978585
0.392222760548159
0.0173977474268264
3.07218609526932
3.30844564721262
1.39059800891557
-0.51714447338335
1.1786439595603
-0.48982884744927
0.0331794952999353
-0.0693287370226422
-0.426504854521773
7.7573067822713
0.321062618435708
1.9466324064685
-0.301410201687115
3.99769674467005
-1.11931478651807
0.282022738316836
5.50305940206101
5.01687920454374
1.78928792401117
-0.820780365023754
1.98102832802745
2.23218346716276
3.87292627079586
0.732008917424264
2.69785322291742
2.69586629827849
5.37957451152321
3.38068962126143
2.9411960104787
-0.910148948043329
1.24288140719619
1.99021937421016
5.84980689899184
1.78308572201995
-0.508760925119703
-0.0334417565985254
4.47287797493432
6.9133606475188
1.29145251772421
6.14129259004968
1.37358565107165
6.00606145960953
1.17762139887817
-0.133972130152845
1.15938679133116
3.69875119036925
1.36355531845196
2.31793727986462
-0.445254278981237
7.05530305861492
4.26068248121499
0.347640090948052
7.4442294736738
1.2652820958196
1.51807896597766
0.679674267406062
-0.715091915587715
-0.279139310397683
0.705783524868116
5.7507267094323
2.08429999033474
0.800674100511587
1.83548177942188
1.10501073697834
5.0083876437443
-0.183503514160331
1.60056770763319
0.554645447488942
4.35726241752892
2.4870883780704
0.488216709014662
2.32639756419042
2.4103446036051
4.31607476386487
1.95695930627693
5.46563641863771
1.97260670939889
1.52576991665819
0.144880956036764
-2.44243508385229
2.88648127795957
6.95021620990961
3.91875029000554
1.7757002219654
1.22810759431504
1.22535073345032
1.15120077185235
0.732134012669885
5.54147807912731
0.371163422274908
4.6801704090915
3.69656540210273
-1.01061014241459
-0.703486514265333
-0.0100016704294508
-0.311377658840314
3.22474533651408
6.30262759649029
4.36760914701451
-0.129993520477726
-0.986314252367683
6.32897126250668
1.51220421542752
6.88104146825383
5.9313688067849
-0.0696167809959351
1.02236597818241
-0.382168700423632
-0.587220444083023
0.150569804257492
7.38298447664006
8.00387706833258
0.563151207930361
-0.39845534777882
0.485875317802196
5.18918603306215
3.92727529114712
0.0414577077548356
5.92656670464295
4.74321645718282
2.96199634297862
3.14546251780593
7.24479799773998
2.01689881246341
4.01949784280908
7.41184427596783
-0.0097039294348894
6.09512868177007
6.96470658350433
4.06024616401085
0.813357964490334
5.49174242019884
1.7364443428667
7.32259192789689
0.861706383392476
7.13712753841324
0.658113046981818
-0.341206601039694
-0.813572009261404
3.92993226185723
0.353242412406598
5.06365359468823
1.84985642578884
1.04298333605013
1.05294273444364
0.500833382128841
1.4212279556467
4.51159495859786
1.05527892803443
4.99046307821845
6.88357498247642
-0.403901066094931
-0.248436228267039
0.554215190124573
-0.541019661070281
1.71391765986863
-0.078099087685737
1.13564048691471
1.27545856349123
4.36343593502439
1.59597083227628
3.585017959846
7.25893499556915
-0.615931682195007
1.02082263456682
4.95955355328267
1.30085044282159
6.36952557721065
4.50809124830212
-0.302457400315457
0.511869387047924
3.38841469064399
0.349358599352269
4.11851138109632
-0.263538295835108
0.533836249875187
1.12608473331677
3.33451542028865
-0.296484345412316
1.56679773121567
0.207742186318242
0.231534414817467
0.302729396772297
3.6921968038054
1.37248570640614
5.5744837090633
0.0423938401288908
0.0643168923317062
0.867090260151908
6.68398539981447
-0.739009224253454
0.253243035821189
-0.813362856159855
3.50168291733045
4.38840124855508
4.10429711831444
-0.814311858469063
0.782377956669311
0.413184281184037
3.26775961989499
-0.21801827178261
-0.440028700667068
7.55094057171114
0.0614600265691301
-1.04349827152431
5.29287388823048
-0.845002386458521
5.42238176623444
2.8654065562904
1.12693079633895
4.86834727378166
0.0138278114141461
1.64691982679311
2.08373012466503
4.36761301161916
-0.552797742886447
7.94328285561512
2.49544083874706
1.28807371153243
6.17578252449609
1.27062432944287
5.41062191323581
6.27871362542641
6.04631856673981
4.86071324742778
0.916829835590944
3.32974886587347
4.19041312745446
1.63209865477156
0.919702401623873
2.71665995020993
-0.50191836815583
3.42266213808005
3.77768170592443
0.738183525543377
0.489246357645178
0.888186589922426
-0.0468461661435534
-0.417700367978343
3.46701003708313
0.0891263602057662
2.34455705879576
9.14544139016413
-0.78647733929059
-0.0715477250650369
1.83555826532688
1.23465251735986
1.77768214045696
5.01454632737591
7.36140019053524
3.04262692253909
1.2746251080254
4.12038962751549
3.80807052901467
6.13132311805331
-0.955007824394899
1.72263732650481
2.10470809336184
0.807774967236699
1.02118165846244
2.16395627659624
5.62533974135366
5.34145524698054
2.02540263584323
6.16602355508886
1.75755834544652
1.01572252040356
2.00043048150087
3.44254033067204
2.6189555070799
1.38045338742651
7.53007413682227
7.97302970865578
0.0512965773302849
-0.944217031417263
7.78671767863586
-0.839209078345078
-1.02173813250296
0.687743599167617
3.77087484166757
-0.944745085662632
5.60507708299089
0.0304039936917253
0.528886637129346
0.438437608636246
-0.2877858355377
-0.730265602804457
8.46508597984661
0.382468514314921
-0.738524400992868
-1.3102266624965
1.71408774756699
5.77974914147905
0.578960461235332
7.56130758100459
7.14499994544128
3.32662026885506
3.18224132561794
5.48588009489656
7.38101484809353
1.44720400353876
2.52055684787312
1.13997538009906
2.43580527091293
3.07796871899834
1.88350970222591
3.09310051275297
0.994188157754008
6.46904113750587
3.30241881853605
-0.33741314760345
1.80914433960837
1.63414314807586
0.0825647916054268
0.760355964507981
2.33836416223017
5.76370695748374
0.450477160802227
0.86334054485052
-0.71397176038424
0.0921739754602586
0.00178364400042137
0.877882383142438
3.14514240526646
6.16970330089625
2.70771591894581
0.975296827092847
6.10115487230222
5.29339275955033
-0.631538962517216
0.686733068823074
2.11186764427667
-0.0800339107941885
-0.488868081533571
2.51307918701062
4.06502164895774
6.44235439186192
6.04417306260313
4.30841281532522
0.965410026734369
0.964243866126511
-0.0598360313355039
4.20860906108368
-0.716737171732255
5.93633339530031
7.70235205000303
1.12087481071401
0.0310346135527504
1.64427757396386
0.363631775073984
4.98336463876996
0.745166428985421
7.03943496826782
-0.500963687135965
5.73237063841917
0.578717043985045
-0.479966534756491
1.22375428853506
4.31029916384839
0.700647601342493
0.980440728590306
2.39502348519779
5.04053433718334
-0.407550298046782
-0.532951322281497
-0.490463737218697
0.753960429314075
-1.03012902905665
0.559559373663797
5.30134378224538
1.33620775813986
0.613838625592409
0.449243706097474
4.88225627336353
2.43683452462542
3.39715237051876
7.96402701900942
6.19408633397663
0.632687780551376
3.29231370817151
0.457576780610841
-0.164954310190222
0.140271214936767
7.07205037291588
0.276730034396876
0.806203437057701
-0.910312380083446
3.47558124976251
6.73601020513847
2.41775471662859
0.518548861836587
4.40266514255153
0.561213344180715
2.16332447340719
-0.515486036270746
-1.11458153955969
2.21220840006993
5.69972095297789
4.5382501567866
-0.342826084874546
5.522548501348
1.8352642647871
3.66467873834487
7.67190896693953
4.06901681694425
5.808555598895
0.169650167109905
3.35643739797334
5.83897898134509
5.16323484807602
-0.172028911558412
1.56399750621315
2.05499675391582
0.480933302739726
-0.503211888079215
0.505799749605781
2.32949400650582
3.09193113860209
5.31063982875565
5.72607437451388
2.6409478262246
3.18627341779655
-0.407610922927168
5.48254138967061
0.574304513450661
0.23171534811981
6.3857103034512
6.18197310002164
3.55836174047633
-0.505992896568817
2.91386861405396
4.5223506531968
0.0197327738460244
1.71845731492052
1.76863817483758
1.20713129901579
0.381505029821624
1.30488570952925
5.35188965090684
5.79296244348744
0.558108860751652
5.42265629941514
4.84143737538698
4.81267713951816
0.100766530717514
-1.08526623500744
5.19223909832366
1.55238422077653
7.22327547805522
6.76482406792115
3.45419655040405
0.192746109263642
1.94483774315647
0.772568831405015
3.47329320851123
4.18467549910337
1.76170045995044
-0.820611748462601
0.124251366343515
6.64223008865031
0.841139914797675
0.0378056290922444
2.83291593558577
0.920350529822758
0.217438387723682
3.21099424314268
-0.224214579582027
4.7097892349537
0.574239334955605
2.57046781952011
3.90736923569883
5.76062546980852
4.40739831336031
0.00266691489580319
2.86662077011835
3.22767502107308
0.716282750585852
3.56218810976051
-0.520878035995104
-0.689478921828959
3.31897737378816
-0.40322275413737
1.2630745303846
0.530129844435855
2.83139723996969
5.65601992885828
0.605435728131738
-0.387527656205554
0.440165333301128
0.753647880515968
6.69960867405334
4.03856937609782
1.4514483260043
-0.155820565262066
1.31251553183974
-0.217134738633388
0.60199326961119
6.8373618977374
4.32285337172394
6.77313541062984
1.05687398801665
6.53937255085972
0.322091166362104
3.19399877508843
4.07547257992559
5.18103287660037
5.45858304882322
2.48735463079794
3.57043621345149
-0.302928910208062
0.725213185916374
0.468260938726856
0.82320289912368
1.91757832509179
5.6418508670725
4.09968844400557
0.828279727397992
4.59281366125019
-0.258136116189798
2.2101587312833
1.14749168752396
5.25970612386551
4.85858124190087
-1.39062128825588
-0.199012378549587
0.188885738158149
6.44797180386464
2.46528588877986
7.10530190666718
2.08301983675405
2.3503535521709
-0.601319005437339
1.30199486121443
5.65216399887959
1.53484673392559
1.88534993281004
2.25108438694549
6.60110302395689
0.730965460912393
2.01683544738634
3.02712047846102
6.07816966551913
-0.786496950660387
-0.970111023445509
0.384818362953425
0.572192338685081
0.13093838999896
-1.14928143542953
6.57175092081913
5.11485969387717
0.83444714036261
1.42728718033685
3.51760650785846
1.04985002288855
4.85041807195772
0.462093406742587
1.17169273664712
1.16970426730058
1.06423974315384
-0.0595624455742174
-2.59548535254876
5.20605515798531
6.41540515621801
0.66898011482106
2.73977179315627
0.492020804433221
0.187837082772693
0.345360592738035
-0.297461384689351
4.8455169813832
1.55860923721372
2.39247570209039
-0.726576187099229
4.33633935707967
4.03055460612835
0.862727803281784
6.70313971161973
5.84236758169171
0.352033159639521
0.817703618029925
0.30557157802011
0.662915037653568
1.57069813798055
1.60841186996838
1.2530209069567
-0.160121124571042
0.725252398355559
1.96278402207886
0.430982357428628
1.54861467018403
2.61491165458438
5.86667312060879
1.11577419157247
-0.945877797325705
0.225000599460887
6.33702257248518
1.51398457739141
3.78718622089977
1.13209797090302
2.52116495590947
6.85111858230579
-1.77178687109709
6.8139141611853
3.26448548576742
-0.750538688492031
1.49545197325324
7.95125170310788
1.41739268172309
3.44593951591957
7.13665800571807
0.779463184697377
5.93769399900454
0.0254780100239199
5.70188501218361
7.58563453507435
7.56114631312242
4.83431571993619
1.56319998012085
3.21907388330134
4.3615581512016
2.13768980955706
1.68234240595756
2.8801366736138
2.75209889341159
3.33027549966365
0.421990741515303
0.782111155997216
0.360354242924314
0.157718115689426
2.76772116304474
0.951015041656202
7.35035141072901
-0.816629317076357
1.75504302016852
3.12058159866023
-0.345391244377455
-0.105121151482182
5.234405402804
0.357121643676915
3.70165241883486
-0.228443810227975
0.542557884502424
0.723819248709785
3.7363359370669
0.551645859126696
3.50694850851262
2.9827125027766
2.59651941037238
-1.04795403482311
4.30586928071149
2.2148916158135
0.137396594371224
6.96993572901883
3.94539072827993
1.80848154151773
2.14025252951967
0.401437684954783
2.4044767717777
7.56652776120482
-0.161013547100483
1.23536402881141
2.64554343106476
5.71417858856281
-0.402354934809431
-0.898475276616392
2.6396590693281
0.860737218501155
4.98571439870785
7.03679581238415
-0.94444600843049
2.01567395859695
5.81693535179187
0.712972275882434
0.46794673045542
3.89316323511355
7.61038017931479
3.10349856415822
-0.882467608667932
-0.330526143129216
0.141409433489074
0.706971126922654
0.0209073317108506
6.51568007187864
5.19193191855135
-0.347915553027887
3.01490069839994
7.57927412527438
-0.811106367369371
6.22374454517642
2.81996445804205
7.33870932351714
0.492064469586786
-0.333149600055751
0.400379041352369
0.129356558268071
6.32769015552961
2.8765644201896
2.42487415910973
2.53369820134952
0.456712835038716
-0.360385027766741
-0.697493152795198
-0.911821352598384
-0.854439307476561
3.4557240765264
4.38117893590478
-0.950803058639665
7.47884874898259
5.79872995279683
5.329747503553
0.53235191127508
-0.574083711132541
6.50954057996967
3.10645778578
0.0303511209927021
0.822747171811751
-1.46095898433864
5.62537297546674
2.59338972766075
2.41503013204278
0.581422444653416
-0.744407185961281
0.128214347642186
-0.72570808644713
3.8035089503252
5.4145604623695
1.9332547126265
-0.0586091791171572
3.39338055306887
1.95570229727081
4.39013681108483
-0.506558509079742
-0.583992598998655
4.69415166870199
0.309942346994449
5.94828738039167
0.259265704110867
1.51897756255225
0.110281489401033
0.277331038903807
-0.685944809305644
5.92630678495051
4.08270692626795
-0.32539568359622
0.168366396692225
7.87934390330187
0.535134826294436
-0.345075623271833
-0.0550812761683837
0.0459142761895027
0.408287964149171
0.210602164772493
5.82627468977767
4.72962245039936
3.46708178324521
1.36733130446142
5.64975737656883
3.16419399920522
0.373068127357281
3.93274475663183
-1.57677774920627
-0.199997155901509
2.57065180585412
2.79925694667406
6.98650965186889
4.23211808148307
-0.357445524790782
2.01405244138608
-0.114727658840713
-0.252176700982312
6.51419672667019
0.19889973612875
3.65872333393461
2.23922941603533
1.05765903671427
1.89446276052365
0.00832016412350425
2.88171496492921
1.89490048750312
0.212269666120729
1.22559189727484
-0.545078726570075
2.72539826548729
-0.491093251711179
7.32113647519696
5.06402140819204
6.05401946429769
-0.179393326636093
3.01208448785814
-0.321598310610434
1.07835311531133
1.53695704503269
2.16335103888126
1.57914655699975
-0.379508871161615
-1.88431695043892
5.72133750427637
6.04656907382986
5.53954237923291
-0.275593023310623
0.344657268049507
-0.360922135138502
7.09046416428853
0.439889256738083
0.0528347255490351
4.3525770166975
0.257815846405969
6.86433777372119
-0.70552026910639
2.19449931530589
-0.779002111710025
-0.537717662789537
1.53039389194745
-0.243309430486002
7.14811384121483
-0.740252743076076
1.09786124671021
0.961755533280559
5.1596935723662
1.46744504715887
0.258521304119658
2.95817682258092
-0.208511525415767
0.573004664030366
7.65190948327649
5.06781141257214
0.196148171975327
1.72203315437448
-0.253079914684606
7.40246074525822
1.53889685834773
6.72573590832328
0.113148980904306
-0.409532431976602
2.4215057713255
1.42931683909027
4.41389169803295
0.431571601165961
3.09742173072248
1.3046411860396
6.45511621428131
1.75145627281569
4.16140088389495
6.43890437525131
5.6302393231166
3.64537775316044
-0.559790908893937
6.19475102633458
-0.304990127360676
5.24814986077261
-0.825210004480771
7.17087583369439
-0.838967426116695
3.59954516820523
3.95749275695253
-0.654277116563678
0.996692280542383
1.65087371467538
3.39800661159137
1.61999136488656
-0.792183624033331
0.322188694816979
6.45253866970696
2.0734697270659
6.12003039059905
1.31013137035391
8.80150949446444
0.914414137775109
-0.0491870180636754
0.625607862688375
5.32530449843279
0.230131124659321
0.558576284057436
1.66423481280971
-0.0954224488457109
7.71481050606719
5.2293629419567
7.61543606386845
0.0601184626814132
2.96448329192752
3.33190638628233
5.0646844534446
0.314622039908326
-0.0257292439517998
0.895150197249719
-0.323980486578841
-0.662617461381486
-0.722966954711251
-0.101677397475915
1.69715799272266
-1.16866020896486
1.54708501460714
0.200345770364469
2.19240070820801
-0.549716107855828
6.67045280568392
-0.0384392266567318
0.521265447260571
6.95437439683154
-0.617522518353618
1.75613634608687
7.25133737305014
1.57398902396403
7.38618680220138
6.02689433469667
5.12119553103532
0.919313338658841
5.3463660872236
1.48426081578607
0.546121035352151
1.8985460732108
2.83378536850632
0.937892342171141
7.08704635838891
1.81762152640719
1.1004595587368
0.208813087326949
0.0161694758199775
3.84910826536441
6.11088190641805
4.69334719333616
3.21227882970132
0.537171277682633
5.53866188590127
5.59264342012799
0.11937817573463
2.66434301849208
3.69516667195428
5.849568976518
1.3867130919551
-0.353701140423059
2.93074274321143
4.90211765495354
0.735875206302614
1.01519395010481
0.297391872138232
2.97571691148775
6.05372856049308
0.983239372937865
6.42142245095986
6.27572027864415
1.41310864902324
0.397793085293522
0.408124393349547
3.88277886424317
7.19385624762982
6.85918381444036
3.83299899913671
1.17234008146281
0.116613076575809
1.68533227797925
5.94440629618525
5.05499848969064
0.958977449666853
0.156763671459548
3.36389586119695
0.543650994239589
0.560696424574551
3.77929537639846
-0.383655503760361
6.20805659585636
6.35402033788395
0.616067058356466
-1.07922447175953
5.69098309999191
0.815504835388171
1.05888646831727
2.81667881474211
7.60465475050122
3.46024352721557
7.47847334261628
2.82472962909895
-0.470244913603668
-0.878695380141094
-0.111928713257164
-0.0398776607513799
3.087333821863
5.8151455074395
0.464704378563995
-0.00702653468432755
0.275034493892132
3.9265016505365
1.53886686292774
-0.617205136288623
1.27568054876603
-1.06933698108341
5.9110726889794
7.49726314712167
7.80608300645605
1.03677492497864
3.98603623182267
-0.554115109770817
5.76281163958483
6.47684238148283
3.32667772039302
-0.00672291393450052
-0.475316771858424
2.29162348867929
-0.330100342589402
2.03490352259504
0.82565893548718
5.74473492451697
0.0689567283975844
1.32475103552214
-1.28087590752739
7.44968081196062
0.0674777360226654
6.8955003198357
5.09395837246404
0.316537982104123
0.120255031477297
4.35277306457165
-0.515570944384282
2.99538388400451
0.635003758294812
1.52821513453306
-0.709436770881518
3.23205684438873
-0.700205247578474
6.11606106492816
-0.648882107614025
-0.999342978199264
3.30320439271488
2.31155141914329
2.85686395292927
7.93698832358021
7.38121448819782
0.950272417004927
0.470664912492373
-1.10399201236904
8.27127967782043
0.177327142557179
2.43767436384894
3.24682408329426
3.97703337856089
-0.872188038988697
-0.798542399365294
0.920328444058695
1.95739812385915
0.762062406912848
-0.436304131348834
1.02292332768526
0.701499359752249
6.4993536459116
0.494672771795792
8.66967127072524
0.703893645353466
-0.14921927441569
2.61320672747454
1.43628666138474
-0.387961502023665
1.36800834800078
1.19573511285499
2.95304306276471
5.88472863647729
5.97719003403144
1.12536779815948
-0.875496005652399
-0.464432322736536
0.0184794923849716
-0.0599084929443427
-0.269588897354739
2.7767010092518
0.521307709452097
1.50105462401986
0.403859962661875
-0.142452113904559
-0.396787617807848
2.09108994422958
0.973473764171861
1.76949500961905
-1.15184252615991
1.76969368973712
0.00654472147658623
0.440688720142529
-0.112754757546265
1.45955796339703
-0.717631504551747
0.906423648304166
6.09926193037804
1.05559644480891
3.06845620366108
2.28164188302844
-0.530960898454238
0.0906519408836174
0.821933123045822
5.89653677604897
5.79468188006641
1.57189371008033
5.27984046144568
2.33354174653363
2.7454700422222
5.53936077353334
1.89325956923581
1.29032075087464
5.27434138796079
0.973867796858022
2.39436357388275
-0.873019369759551
2.12696554398825
1.74759479413574
-0.237328439233286
1.04710524828722
-0.766171052275281
3.84313776407474
2.5812071564892
-0.504625329794628
7.71102104891429
2.65666357406673
2.84423653113776
0.615908493458194
0.259390563105826
2.40385897222097
7.44686049653441
5.80355470230838
-0.16331020774269
2.40994252647569
1.04346397646731
-0.0439347203175161
4.87084518166236
1.74996617515249
4.06966770382286
-0.244375684593687
-0.349806055991518
0.669234764829488
0.730152315771876
4.61543720964964
-0.078004078267398
0.636050153812363
-0.228163593459961
7.66053700348192
0.400491061991865
7.09672543438414
1.82044866526433
5.22465241612065
-0.628802305702961
1.64812231040334
0.616021688807937
2.81874289696961
1.30229013577948
6.53870604868832
4.22276637588771
6.55351872870047
4.51268329445088
5.24244538428852
6.07121881019801
-0.112317876622492
5.22090047179848
3.73313210874905
3.75659644607358
-0.0505076045538672
0.207606598744236
4.64381983314299
-0.374965877152348
1.37557448513834
2.58036186344011
7.95642923903867
0.573640642529408
0.886889757354954
1.92077792614729
-0.687005792910584
-0.484277664150242
2.67595180604031
0.705202453694666
-0.865146142630363
0.506579996342671
0.545071342571544
-0.856469348323502
5.05264313912835
4.82712825278844
0.855469126607182
-0.231638146255306
-0.0797622518252943
-0.756510088541096
7.1705703809602
0.966908803271963
2.14442951645574
0.949726101842689
-0.737971039634785
4.64376788949922
-0.745179057783872
-0.439339454770014
5.46070736474585
-0.0767198218525923
6.98930314929395
0.668562299443272
0.378122605126472
0.489717945466308
-0.543817109268931
1.83399144933119
2.0226958565006
7.93809631583015
0.590207036797543
0.403048178631589
7.63065055277065
-0.0998880154221181
0.227662869896375
3.52775659037233
2.39257808261643
2.75120179426046
2.97570478685101
-0.500330091811112
5.1951219467041
3.71530837481639
0.99368889930991
0.629806507626437
-0.071203308044217
3.6095994094687
0.569871948044671
6.90499328031972
2.37873591719056
1.19439352719199
2.00485649815542
0.365703098909391
3.43662736808598
-0.0748053700904639
3.76674954395766
1.30874330849028
5.30572860556199
0.800925907294657
7.87914905988521
0.0676386807553619
0.0958347367264514
6.45625453356416
-1.05339902792976
4.85989386024972
0.606633372961682
1.25515768706575
1.72436872941925
-0.603126394190887
0.867825672090875
-0.657544475719486
-0.263679282716687
4.92021426923482
4.03322749913374
0.996150746583073
1.30007522509497
0.236309131917358
1.43229244462695
1.70844750111961
0.969316974107668
0.737941390476559
4.10455743596981
3.65291809608275
6.26895014196204
1.42708771761338
-1.39298872146271
0.51447462356719
2.76457418604537
6.41977426811484
-0.551453753778741
4.1573736099584
2.66053355119581
-0.948057834863364
2.7290758062196
2.3604444425292
-0.377580840310028
1.54468176012707
7.38013314483832
-0.302385710691234
2.05575773582204
-0.0154124904230581
1.88742389206418
1.671693439891
-0.0422037038572753
3.50500642774626
3.21356669903478
6.36321856508247
0.416875367173425
-0.716143747916484
2.03788811122621
5.96437592393349
2.72914167559541
1.01214675880667
4.34485961167198
5.66866281976257
-0.743198585087445
-0.849825752851894
0.887646939314321
4.98584058713049
0.60590756093822
-0.50033984255871
0.13245903829207
0.288135218130176
0.619620893742561
3.09580687582147
0.663906753148326
7.12749393932121
-0.49732824962688
0.311557447725947
7.39245925771167
0.979521502394957
6.62621843403084
0.130682217305078
0.612257520197778
6.77151431573572
0.756978057650737
6.98297111370886
3.34652029669105
1.11521607795536
2.31477542259263
7.90296125907753
6.44952937697918
0.721526676418856
4.03176463133174
2.89229684269309
3.39679360217792
-0.0594657269804829
1.79352776884135
0.26837252197174
7.4144007055388
-0.812449026683236
0.0216733436919301
4.51594792796603
1.46471130710429
1.81786310010965
5.27303171300422
2.94827283389496
4.86948573821105
0.362858110815692
3.7214196713659
7.45282608527759
1.59332970744717
1.00846654267154
1.96488823630906
1.76510015908021
1.57291732837277
0.0849129783926503
5.42357494645727
0.458495284379553
1.67183153156232
-1.09969328176034
1.45570323377182
4.23208399879976
0.464064910743666
0.551957869565755
3.35862710148233
5.38066180362912
1.77192372771981
-0.12721586210745
0.778302558241894
3.0522701870581
0.818238357014358
1.40182138586143
-0.104736593029549
2.3775017226802
0.362987842294153
0.738098623293972
1.99745937296694
-0.257318631519747
-0.604250850105186
0.94889631037713
4.69820240733922
5.98046379438832
-0.00223228396936871
0.407449872654796
0.386249038141053
3.02681107574963
-0.472689935949731
0.0314788599444058
5.93977077353267
4.83403004295123
0.702655954745517
1.12402900081497
9.20376930963763
0.319585664390071
7.59131919891351
6.07550738452179
6.80193759098708
0.194866731966966
3.479875546236
0.865615823944939
-0.857864380180922
-0.178752612736144
5.35108134755613
-0.457356734514969
-0.858824566574528
-0.80486469870431
-0.237772253263372
2.24290601564103
4.90277855004786
5.87288557640938
0.0649126555603591
1.54115979740306
1.23433935699726
-0.865072798178034
-0.0109945091953707
0.381314427513972
2.50975361386713
-0.689599775761854
1.08781788369352
3.19620873149574
0.20146199667768
3.36555642800436
6.12064021179746
0.378940980905501
7.2140333852787
4.31489001826864
6.54968591575771
0.517298168470985
-0.682874384183232
5.41990261774165
2.26841769474169
1.03957703817801
2.44999455574667
-0.851372761189972
1.91704587711992
5.41728229976991
0.518438982755746
0.918134144765361
0.0677303500346406
-2.43164490642853
-0.60328706154706
-0.0555444312332966
3.28499816160289
2.30372503376625
5.13879505569109
3.51515013612447
7.84634980928403
1.5380836000098
0.074506253364858
0.674554143710703
-0.41290995232534
5.48058242729204
0.565423095381712
-1.04438108122478
-0.70174667893873
4.62376535618999
-0.813494643882002
5.26669143405405
6.43466408071449
3.01834058933425
7.20344879020029
3.44948611938115
2.99123276126431
6.39207305815152
3.64722001469972
0.325935327082881
7.97415474885435
-1.13725148345509
2.13808952450792
4.33840646352616
0.0867661730089604
0.251571368264768
6.89981142156801
0.783828700985785
7.51967008578091
7.32890426830129
4.83619279955321
3.84603358752173
7.10295110567619
-0.808687398748092
2.12589564139104
0.853429581427467
6.93053073107021
-0.103623435445479
1.88952946186881
0.7964767102841
2.40116375248826
1.63808905614
-0.728958329354631
-1.00407303644319
2.92477803477372
5.52332738425476
3.74316975653729
2.58917269205202
-0.767533301281976
4.72749363158219
7.26395423923907
2.69546178860844
4.55570264324746
2.00999746317821
0.754204714654828
0.176315382898073
0.543829863678374
1.49942236349969
5.10469287103441
3.26721720128545
0.507323492167821
0.201566588397054
2.53689747901807
-0.0840988155232727
0.235176324919798
3.45317899914043
0.0371186323428102
3.43735411094718
3.52571727975188
6.76439558174141
7.29296476992487
0.00432532144323249
3.76434233150944
0.163509498869207
2.09058131095878
7.56280947582821
6.11205249012878
-0.0911815955275951
0.287968257001675
-0.939823815515245
3.12040865921998
7.52638211259358
5.53277886120039
-0.0329805920823763
-0.346369624245058
7.463455431618
1.70960447948352
6.94505450832269
1.84040965661721
4.22760208200044
-0.373902300678287
2.27695313360521
3.94510825495769
1.89107124382034
-0.78779173133143
0.021626304395728
3.43416121581892
-0.62976886474031
3.47594823769589
5.23663738849086
0.290851797461849
4.08979159872116
1.06992156686221
2.55724494590047
-0.811086836391357
-0.353198034336975
4.87862532381133
0.892667567476615
1.6759732746997
4.59883673208518
2.11490019665067
4.07113774854284
1.22409280685716
1.87274615779195
2.06926887453772
-0.177799906654574
0.52192488830651
2.44197081974194
-1.27540676446255
4.80180529311679
0.212153314298685
1.9258411589414
-0.720187563335843
-0.496465312337814
0.980799571937074
0.842578224959478
2.0354136041669
3.42283349315146
-0.0419337104315475
-0.458654074006702
-0.190318074181021
1.26900362617092
6.59100994106846
1.61952161056558
7.10791904864228
4.83627237015392
-0.691144342256783
1.67598318853162
1.4601096228251
-2.02789441273488
6.00949827708848
0.162517946598471
2.12051461983804
1.26447639619445
-0.161015897859427
5.43399840309663
-0.0547654480584425
6.42842143554836
5.63156788737193
2.25180351889947
2.78305887957456
6.61425629415688
-0.675788256507626
1.27421842864535
0.193370674276593
2.16307579288405
-0.0724932868203928
0.416556395503348
1.02385600149284
5.53803603774068
-0.436700741039219
1.47901202390696
7.69197435122648
0.84908224948525
2.93189801576948
0.517148293042098
7.62146882837731
7.34084210553407
0.181992772336211
0.242438689348499
7.02225957858511
0.766541602570605
0.88524308809359
0.40804095062317
-0.610179104409327
4.70138675965266
3.29113730898586
3.14464041394133
7.45385736116508
-0.385301053119712
2.21373449605143
0.906484162007583
3.0169346306707
-0.366226731936355
0.0349916058484278
2.79976931468775
-0.916166055989233
1.61401257792441
0.676060492383389
0.290075228363227
7.33716237152443
-2.0087749041674
2.57912158789697
2.59943126149762
3.65676796571146
7.84346004269265
4.23408088037283
3.92687845432828
2.80692685883643
7.94356954742902
6.22586647297797
5.07562482101654
-0.0370450757629646
-0.938663735601404
0.668679335940222
0.480839565789112
3.9445869073455
6.56361429593263
-0.403852208425322
1.38754014122875
-0.140796265652897
-0.701276881831072
6.34997221633174
2.63127601319013
2.12316735508167
0.496664593434083
0.88388030844029
-0.827822143345752
8.07692061196557
0.514631193326415
1.0783146592376
1.02892852669427
0.525911475488918
-0.454867816399427
-0.161727359159312
7.57974408767528
4.26551663989164
3.26413059754121
-0.52299824978209
3.68128675727111
7.73874213230339
-0.0908276221137564
0.266266112266109
5.07246554736431
7.26575290401338
5.18683621853962
1.28388979631939
4.96644559875912
0.876447993548624
3.51147997296633
1.25658538001475
-0.282926682674188
6.1370958565573
0.827572698981903
7.67306845671005
6.24850584035286
1.30082772361896
2.44411392224997
0.915820046488435
2.00762570234992
2.28197934302211
-1.06785416261126
7.62645659881995
4.19560425584994
8.13047331379453
8.00101667707149
1.17913074506202
1.14574623965881
0.601435591270686
0.306722717731082
-0.285193446223691
-0.0994193960360726
2.47903440925535
4.16772040936078
1.78256102128971
3.25183626999784
2.81006285510786
5.37914729996063
0.869314125952506
5.28180120046757
0.737383363853987
-0.230947359991925
1.71119202187138
6.26424070363479
3.65501697086591
-0.54693614101524
-1.57852937450025
1.49050717999983
-1.76130398637472
1.81856491477122
2.27479013424681
3.20852583048486
5.96769315039488
1.36682530436413
4.10283954455637
1.46321397953734
-0.599374675521789
1.19694972638494
-0.157753419854118
-0.402241434509016
-0.42616927956008
7.25368082881095
6.92587389001386
7.39968439391521
0.507564880636013
5.63480127591731
6.81209816563572
4.91559426390849
0.567852448738536
8.37663698221137
3.24901168281129
1.8081166114419
6.31942863121561
2.3774718271189
0.103561175937771
3.70555099587769
0.410851148851526
0.242105997361451
4.03490939054845
3.33249965861184
3.89071192457052
1.89573672946359
0.846082993366687
1.08739122681028
3.73374728940149
1.46281045180223
-0.135039913058446
-0.382003353315323
6.37439669162923
4.73359868825513
2.59105204156705
5.16483603045192
1.71354789659745
0.665373404707797
4.1068536967068
0.380046549298958
0.367719112850609
1.74029365010169
1.15197156585553
5.38271144204964
2.47491504461038
-0.798143030805535
0.152581286453524
0.305309095539777
0.52820657655211
-0.484665115891285
0.542140602782738
0.759515798866999
1.87704955878616
0.757240831990655
6.97276962136077
4.43553185537321
5.62406722830158
7.69444380851914
2.66076918678177
-0.321302631154702
-0.744441769439986
5.68776956222397
0.283830910085616
4.79203582592901
7.94330364963942
2.869101161113
0.483655288002685
4.15251759107329
2.75271148021287
6.98135877432923
-0.263723985495413
0.103197190334245
-0.556273516425249
2.00701672554689
0.990139073271127
3.39122398192709
1.56857022403476
6.23313782287983
-0.0907401765807386
3.99511343292524
7.99728665696809
-0.444678349480456
6.83466371691798
0.551143917685709
6.01901120135806
3.24634175015436
3.12949145480228
0.299837920369394
-0.128131366782678
5.75016715526379
7.92493648711657
7.70140647329752
3.48633271749446
1.33819219058356
0.595716386559242
5.25022812068194
1.02985604298404
4.1137100387359
-0.513586391010035
1.69676298522018
2.94266751296131
3.49319065950725
0.97305317220551
0.521000319189493
5.69424953420148
-1.02473350589851
1.733910296732
4.54226709447155
5.58419209648041
-0.0603568522379908
-0.907388356957635
5.55445494655731
0.105091068791545
3.47944752157123
-0.293870299940166
5.11473561309712
4.33195144608978
2.69841526117654
2.72780374417185
7.76614473175423
0.460282788823006
4.5575301500168
1.02412877647657
-0.973612340486577
0.0819681992254164
4.39913078117049
2.26120431816346
1.29587734851657
1.22119853333054
3.29571950228062
4.18061767698086
4.60406949921942
0.958878865123784
1.41672771143411
5.80892526751216
1.7878066880996
3.45292185659791
1.7767722538363
4.25297310025532
-0.554192381673683
3.82564255517515
3.1702756858867
1.94002276218211
1.47728090839431
-0.18146050439084
6.73884595392287
0.824988458459567
3.85517222650985
-0.917742457280503
0.665287974438382
0.457729808736037
0.737134223476786
7.21792189520693
4.33687755337038
-0.130289003148205
1.70926354990938
0.856376540422967
6.16745681740295
6.54038527117649
3.53594396364608
6.9380403703044
-0.724636259532255
1.96037135295198
0.996770440324231
-0.0610863360329586
2.31327753142397
5.46600354977952
4.76468085755463
3.44215806898127
7.25382973046315
5.49465632774553
0.310055883961021
0.418154664727566
1.25806706210156
-0.452230290134933
4.58922674620276
-0.231724834407659
-0.0613252119388624
0.651931255803087
0.119874304740687
0.940467583250866
-0.100362786403002
7.45437064811095
-0.377518899350988
2.87251370987512
-2.05004132933876
5.57430617819917
5.91212986107954
1.11257198752218
0.858570895347501
0.243895368519651
-0.436836345267139
2.51017054640463
5.78156050971308
4.27844520546812
4.79871102856832
3.38323369524818
6.9094480180148
3.87126448989914
0.885255090978462
8.38620360796209
0.177572513178573
0.0478145986446063
1.04857042677115
0.958447103052362
6.28556826360473
2.57122318435701
4.7960876144641
-0.157558360591529
4.70691906885932
5.6719704494918
3.3513289893178
0.774516536831845
2.20110739565043
-0.251268269951226
4.90030889049313
-0.14389002361613
3.65160317137243
1.54082538865938
6.3843126450699
5.95907882421307
2.97501490410574
1.85002968051046
3.76031199107749
1.81572095419264
4.62358665220166
0.148865185208015
0.297108463575868
0.314114801021018
4.80356641736289
-0.225246670273649
2.78857840185927
3.6574764644539
-0.142923592270508
6.02218404560649
0.440826874199633
3.58700781385271
0.535025695028482
5.75663954629831
0.833208118011294
4.94395415536214
-0.0882385036314745
0.461941767229919
0.693487094041766
2.16136281827269
-0.552569191791421
2.44484680100868
0.720300034632717
1.17007683601024
-0.700271209395738
0.880780296068357
-0.704406470334107
2.10830064357714
0.45938878184656
-0.263697298515424
1.42916862102548
3.91393660873678
7.27646350503694
2.15149239565892
5.04451789268408
2.08896828970262
2.85567928518218
3.6961931430532
3.09699490698795
0.0485574304249004
3.03356331138191
2.79852973002734
5.37804578286674
1.05141284274462
0.228212731547344
-0.691511472698993
7.19747365666464
2.37946160009933
-0.794326454992479
7.81287404316019
0.559077248547591
5.14824824399245
1.16046434864667
8.20594032121699
0.340141314101947
4.77662549541285
4.1035717966728
-0.653205667801169
2.66659282324321
7.3848661617479
0.966209768482508
6.97132817028235
-0.122386540312425
-0.97295767973801
-0.240762995155761
1.53245414818864
2.05732848413372
0.514117321848716
3.47216204413222
5.23083069314578
5.74371309714971
0.454963518911436
5.69074042567788
7.74617622017819
5.15371419984187
5.14581184170888
5.14722933129937
1.42131166410078
-0.280515558867187
1.23048412587358
1.53404488652397
3.68716044328184
0.447643872816876
4.32108922766462
-0.23548521090763
2.77229176774299
1.70692452348391
-0.445375063738776
4.19052316091368
3.57500486267796
-0.615800181791315
2.77002009316555
2.35232342147134
5.47243471453324
3.47705812327366
0.234198038307843
6.08963441397268
1.84106845099752
0.977237892992601
-0.098855555906904
2.92689543229559
-0.170803215942374
7.54436952190998
2.95665695173486
6.84095511225245
3.92878001517323
-0.486554493402449
0.0975793217788873
-0.71763461549494
2.14289182237975
-0.438884770970977
2.30408899186554
1.77887186735176
1.89423109235858
-1.12608733391634
-0.485545772734246
7.81235893351416
0.105598032311316
5.84841433971165
0.210228908442122
3.8666507608447
3.90508495625521
1.31794315652121
0.333031430387803
5.31277955610269
0.571974923615706
-0.826095374447507
-0.762939743568474
5.46826815430122
2.30368010510091
5.49830377567225
5.71249038681559
0.111589724640608
5.91258899080721
3.6895516084187
3.45103343039354
-0.149067187763614
5.83557619224596
-0.685752994395473
2.81902821692713
2.16199801251376
1.98149815568454
-0.0296333904167966
-0.201424728375465
1.44507916750185
5.47191671250591
0.66320052742583
7.49539878487582
5.81395512864232
5.76189520650994
-0.13205544624053
2.59450991226187
6.07945253884486
7.657815835871
-0.352791184048891
0.434828700225355
6.24720685361435
1.03625519484728
0.0242412241535726
0.54888785134933
1.11979506087814
2.84405174094529
3.98346160500768
6.59347460048107
4.77627910660246
7.10734672060521
6.35456199848837
1.17332872238231
1.02442076116601
6.6707916099373
3.14657351095515
3.72334207167914
6.64572251344291
-0.92258832023464
5.59905388212407
0.160310072401441
-0.438102431663195
2.14970230075401
6.61828196543864
0.9726617319449
7.32889129558215
2.18926196460782
1.45293888426892
1.87004318181744
1.73128639932062
3.04481510835097
2.82263069174713
1.09067971184771
6.62346299643851
8.67566162111474
5.31691712493832
0.281181050091141
5.70510169621357
-0.87374801185318
2.14657169189219
-0.353854209624981
4.15999872078913
1.08290028304843
-0.177572650583605
0.984236057112644
0.594044282752513
2.45604963272137
2.79705165475429
0.847401515753882
-0.226158699847993
4.48461442004967
0.458610554424714
-0.0857311928626054
2.84237345712417
2.97197725481411
-0.467450838554082
-0.0666239084348685
7.42265914480187
6.99533876689535
-0.435967028955648
4.06614783873771
-0.329271845704856
0.13213394447128
1.25855897176706
7.72650190394317
3.51781756171139
4.44498911958667
1.21969573002149
0.855825099126723
1.34856481050003
3.07772501743806
0.830491431386678
0.271157448155774
5.40827503524716
1.54222052509539
2.14754174857505
-0.535173044200212
6.40263736468914
-0.890137334906769
4.14748123903133
2.29684633479636
0.0271831145584497
-0.204760097452782
5.46301133766724
0.692483889898284
4.25500511966025
5.64490496591672
-0.0454468040712176
4.92340437581135
6.11355839074518
-0.240738085735565
-0.387237802032029
-0.925159492313412
0.855840127362715
1.67249215771207
5.74051732308001
1.47521854407948
2.23509758893366
-0.690040500449296
-0.518005726334134
5.52448633181295
0.932181945324072
2.62119745184936
4.81110218433117
-0.869618717320376
3.62904532495694
-0.572534781610228
5.84336373609789
-0.383626762239293
3.25556421595964
2.75366121253843
7.71746485618059
-0.803918037273277
4.41264822459818
0.759023857239133
4.98750557867026
-0.697794047124587
0.671073551239209
-0.495178255682264
0.302774694025902
4.23823501060329
1.26537851704553
5.50254204252911
0.10555947748077
4.57894327692051
4.93901311882269
0.0795442318173102
0.0419924500196564
6.87951315911276
2.05222881617351
5.12761578835305
-0.158782463059696
0.86943644009336
-0.147582913819379
-0.00208345831569459
2.98523959332429
7.29779007223209
3.9430323232647
0.908457326473192
0.960150008227043
1.75122113500299
7.75376248349391
0.864605038947846
3.02062010349442
1.21105713183323
5.18021129789061
2.06568062283425
0.62049966626757
0.0195947042661518
-0.628828663903092
0.85937423711833
2.24838614128924
3.05635677704243
0.733466932047559
5.80593274950626
1.06550833144962
4.75956921111236
1.14931769822205
2.90596593337302
0.177841961246576
2.84726417947569
6.00832046322357
0.535545424414389
1.18917705138015
5.49710485780335
0.648092523192952
2.07593497851129
0.237826199609994
3.17540072762469
1.21339550708782
2.8030582370978
-0.11291056906026
-0.599739429850291
-0.678694019190235
1.61481450440061
7.25873326575448
1.71868325117735
-0.389730687771489
0.644308084576074
1.55296998589339
2.64357630251564
1.5101406292162
0.186494709891974
0.990670140656204
1.67636528591744
0.0427740630222149
5.97370750782091
7.30274231454679
-0.600805063920102
6.37298192842149
2.67922642840445
6.40047708174395
-0.6751405083605
-0.432466171116718
4.11861635679559
0.766509854984895
2.73978377027328
-0.352642447794577
-0.438272293070964
0.951276096629748
-0.315359322611449
2.07434654702279
1.77210067102118
-0.832033172789866
0.439721177173065
0.937046738463772
1.36812395444735
2.12738908731626
-0.288324492691884
-0.565521917859687
1.07531159021574
2.02133580130881
-0.337332983732405
0.700790883949829
5.13659712426833
4.16605374270013
7.04375289208844
4.87404161211082
-0.455065034166392
3.27700528808439
-1.0711816785873
-0.705220374424415
1.25595493874105
5.80856368691447
1.17111625849454
2.09371169119711
0.0234729643800262
-0.694183523798152
7.46671322420774
-0.117720004505689
0.919648554842
3.98974358042213
6.10974639015419
2.72551474958534
1.96376868472108
3.42574093930405
-0.278150676034644
0.335525667148491
2.6782352415144
6.7184823116542
3.66587518726259
8.12939841112046
6.41737915087798
1.3546406503112
-0.431367930500057
4.3295299731992
0.294519924418361
5.89494667032666
5.41836059495612
0.426178843826504
3.6380745889481
6.34585796967939
2.52807500510382
-0.0911031003524701
6.04949776146141
-1.19995969323931
1.59109806691026
1.67282151460488
2.61742981932906
-0.444052084459303
4.49451807809902
0.113474841244867
0.512717436221262
1.27343941657089
2.53901888200342
0.08407520229301
2.35678933169901
5.5026682923637
0.15562285027069
3.7587454928121
0.944374824025438
3.62936480039584
7.01497932547869
-0.415118740211054
6.76818615798929
0.0154722450725173
4.2816452391425
-0.591503085389145
3.1642840214961
7.65638909310219
3.18664687299325
5.03912080471063
0.186838971452613
6.98591232849727
4.43170732440675
4.26505132929152
1.9538811037808
6.86706015949575
6.14634405003924
-0.205686271394816
3.50222617644577
1.18037118001823
1.35758076346931
0.507471433500993
0.813675982916424
2.51616061660204
7.06756212230705
0.42851304379006
3.75181237811467
0.648332708847379
1.00182520160355
3.45167313838401
0.512882430512947
3.42377271569726
7.95896740351494
0.800376266146512
1.55590590264249
0.965462828202078
3.44393588075795
3.27052638006516
0.20836274409929
6.78268223708409
3.36087121452959
3.69446495250891
-0.907847916590203
0.0196097213191969
0.553090606811541
4.73468901716437
7.47079517079593
6.98681303620879
0.218337332807954
3.08737273295582
1.20673679997025
1.81971505559455
1.47911218096209
-0.125249933488796
1.85558442723201
-0.268060989518674
7.46597304186043
5.15654177566035
1.70494386862125
0.446543744770763
0.300833662481499
3.09455530378874
1.04094043592019
0.57439898148911
2.9393816850446
5.4861609427758
1.61585199313731
-0.392104117078539
3.35543936105323
0.312765560018702
7.41478812920617
0.709098730175324
0.143007598512557
5.65513272832941
-1.00481936593027
0.154511485525199
6.74262190044144
5.79230574838281
1.96559439886377
-0.0508482771752126
2.86151958889495
7.18076941272864
1.43915276811941
1.37329110878362
3.08306753147006
3.03007485633304
0.923718751731058
7.51469172153955
0.733031373412813
1.46231963083205
-0.592322287445367
-0.8463044837962
1.76704759491322
7.20981468955069
0.98681569140993
0.901463611892591
1.85128726009824
-0.0416913115725107
2.94789102743165
-0.82889650446709
0.773127851288509
0.525296560983261
6.37124145043114
0.570766220400324
-0.0406748360426685
5.99539541289091
0.295332061664741
1.30051495320953
0.547411423392374
-0.618526673944465
5.17979950118551
2.16391023017515
1.88938119957714
2.2021913685836
4.36867551373369
0.579928750756919
-0.701068691571755
3.99615479113916
9.46205331648039
3.35058772597312
3.12624255609049
0.0585877239362889
1.73874593759697
2.56206961611454
5.44373384599378
5.99754194157038
3.14899269848242
0.393039780902009
-0.241455433839962
6.00041364968503
4.20180825962316
-0.110805435182709
6.73437392329601
6.62157728883483
2.99663111567194
1.91761599417896
7.77288558880311
0.634861839252077
0.989017854500968
0.375381887325182
1.92214614874785
3.30026888380787
6.74725931427481
7.54004480100849
3.33055807572074
1.96390360647385
-0.730602933658111
3.70008291504099
1.43353388403589
0.727338742503043
-0.880029083797223
4.04409260996216
0.73928186382532
6.7152013753013
-0.281167700089599
4.05619251392866
0.103439003516036
0.195208318464371
5.95504035579646
0.902623212954422
0.997262475646858
0.847236444486457
5.93343085589909
2.69794486627882
-0.0149242192313467
-0.604283859856529
0.619372919094258
5.97448713058417
6.45618486652191
1.85320703570562
5.23219524253296
0.58097303012834
0.56426989764445
4.14087089244083
1.33860667011722
0.177565505200918
4.36282168098036
0.143762553609486
0.485328826867409
0.308385894663549
1.44159793064958
7.35256311634618
-0.221480637809814
4.84234975872664
-0.625629904198468
6.18268888764428
1.3322403300823
0.99616202634852
-0.383312312175338
6.8317016910464
-0.698079396752846
0.45172682254046
-0.253700671421113
7.18248196094269
1.03136789789281
-0.800084760208295
0.813164396352487
2.94414451268896
-0.235982308707293
7.12744107596354
6.49856456731213
6.35869222750991
0.291555179351742
-0.122664895635855
5.03811029547856
5.05734945104383
-0.267648430450564
6.35255937833935
4.55980971737115
-0.0418926384335748
5.03812515045125
7.00617930153885
-0.215697843629964
6.91643320057827
-0.102793734786585
3.22034320160344
3.64777814409528
3.85243517274203
4.52322824278241
1.5720534674112
3.6234779151755
4.77318033485886
5.72219626214211
3.6147740264234
0.247920868593676
-0.804740069395751
-0.43219522979303
4.16065764599333
0.715790856147348
1.35913865966167
5.13324259207372
5.84620172374858
1.25055882599225
5.23848958158029
0.213971378270564
-1.70603487637568
3.39416147389875
4.78070150585123
0.86185882382778
-0.839366336713015
5.7404373439223
5.8200241233851
6.27808529022608
0.33852921791233
2.90754900317293
3.36616700193346
0.709559879014674
2.42494909813531
-0.0577677833847552
-0.813765429642074
2.93751861227832
7.46608695872043
2.064777626964
4.20972788413335
6.32003601127855
2.18624551089211
4.99735586056198
0.349175347996233
3.65114682115136
-0.852164650970742
6.80556470978862
-0.380742315422283
5.62126578588179
-1.2041523122942
4.98823802237227
3.3601542541978
2.21710777672727
2.8788967858386
5.58327517945216
0.463935451157949
3.15728069547074
1.05221953471547
5.74265993541788
0.664969857477375
2.05312747357774
1.89016325516946
1.76022836418676
0.497628185832326
0.326040906031741
6.92593857954741
3.82508840575943
-0.16315632333076
0.962997682183566
7.912780764402
6.80445234790388
6.38197372587629
-0.293337984111956
4.30806997320445
2.27662911738939
0.229568289883192
1.07972988577853
0.367652774005516
-0.332799168150523
1.62701961333724
0.0299699549886798
2.66379512345156
-0.116124101239634
3.74189568626995
5.65803279739272
7.8559602864304
4.74630493996237
7.56884835955555
0.794606068029189
3.12186681895219
4.97152807949261
1.54779512801779
5.93754130128558
0.754934048374411
-0.621613470419565
4.62727625596448
-0.0734283651111027
-0.74732221599169
4.05074934415784
1.37735275720112
-0.207309960398802
5.35668294245913
0.0702307341751108
0.025552919067091
1.18783482523014
7.51942408491853
4.00343934559477
8.07487817791884
4.85947419494614
3.69107621216859
4.29837964098749
7.22011583322907
-1.57697249317753
2.7533059177757
5.37870719890969
6.41108969183476
3.23414099676054
5.79853799078214
-0.103548758518378
5.28338416787635
-0.0392014221889428
7.73857328807067
1.03579012807097
0.72265593655207
1.76395480755306
8.01419562861383
2.65690139790723
-0.751627999243732
7.23818726369903
6.20424887216169
4.88026863573381
-0.568936866727197
1.64504687737511
2.46678411571235
4.7295734940799
5.25277097483913
0.134904338935099
0.22843204447743
0.0412803025844494
0.0213589746053756
1.3449380991591
6.37786290294471
5.34938775731542
3.35916944247297
2.04876464144866
0.850914052517621
0.953835009632778
0.56568321314246
-1.34276533316746
2.03711373189168
7.32889810601331
6.14091150842259
6.47412499430005
7.83524600114151
1.9197002436788
-0.540545894290935
4.33862767302691
2.78586353656764
-0.979409364721901
5.96438697011125
0.591764249042464
2.7614704172499
1.32040611054741
4.62755522415152
0.362379179726056
5.48704913529579
-0.160641624333012
0.0235748902755219
2.40127792288593
0.116544087573413
2.10886655155393
3.0381021356438
5.39300660430804
4.81857213718146
5.22286837275804
-0.0977308983164255
4.10396905034908
5.56982865735344
0.416903259377708
2.56548925603098
5.17702634458267
4.10664300335001
3.02192853252032
3.71425878920127
0.234934041246776
4.2874129999428
1.27641172140563
-0.707327141416918
1.80594165794032
2.20668552659931
4.9133494613514
1.68952198805075
0.654509492777799
1.72880268583108
-0.934454114102265
5.6803016613688
-0.0463425214866172
-0.489676646066294
2.14601823891747
3.23132494581603
2.58924888314509
0.506077204147856
0.822718105938067
-2.21038042564357
0.284637632844481
3.00589685382317
7.41051925888274
0.538924406234099
0.610383838906864
0.29755104503619
-0.0398175803592724
-0.45808973799179
-0.655190938786098
-0.563432420661927
1.79491854302089
2.9011194945212
3.40968543818147
7.20009257958703
1.89262875784101
1.39530180455814
2.79057799523789
3.51598771414148
5.90520738938225
7.83678621355821
5.01140477233277
1.39941217835934
4.86505604969253
4.20266280594772
4.79523115720733
5.741651393869
-0.596434223639196
2.64823350487395
6.17853095115795
4.79989322020709
5.91374548499372
-0.182296813670205
0.527401644056388
7.45160115179226
1.14250200891479
-0.83742286916288
7.09619869490955
2.30135965796151
4.00504046730712
3.51090601858485
1.14507598713473
7.43221431266028
3.11211958169024
0.659597961072586
0.177021458927078
0.74843886490746
0.929839827754114
0.395559135928636
0.746027402411235
6.11648021353217
7.50937969852809
3.69863408864413
0.0408785537731266
5.875409395726
4.08949062881559
3.79167862917203
0.375076788517878
7.20452695364023
2.8698898231495
1.60509268668148
-0.0574413519420682
1.54811962252299
2.13723586745416
6.81775921277289
3.40600000798347
-0.22405707109991
5.98891223358067
0.596825796213472
2.52014490747092
2.43708726396475
5.14532590863348
0.609279489347429
3.81495316211012
4.04702925897343
6.9320883140727
4.74305901894772
5.74027699168342
2.77774218756599
7.11945902623619
7.45026512377007
5.93143900251814
3.84887987969417
0.022661517028798
-0.600525754633239
0.962733733227204
0.460988044432207
1.85157081115716
5.64890265492193
-0.310580621078269
3.07521189425998
1.96729044154545
2.09825768734415
2.96793020929161
0.459253980184862
0.943427938007111
0.659233681962124
0.981987346263942
0.111588777193746
3.57672387082645
0.124425934970645
