2.84824024247564
1.56663495442751
4.23710466015605
4.59779929873759
2.0179344499486
4.36346280188406
0.189542834282451
5.01982092322831
6.5772648067591
2.1799221236197
6.75733262020772
-2.32834289033411
3.52781467779117
2.46068358825749
4.92283547059738
2.39566220370871
5.71542313730145
-1.92041213956943
0.233014304801971
3.5817309430423
2.20585426150941
2.70968134248046
3.02230457167307
-1.26413927169748
1.19916827921415
4.3061390022426
4.1218373218638
5.31303318096254
3.04951807342252
1.02082429901593
2.4656020440047
0.421986892374884
2.04160957120476
2.41891307428044
2.20544015794093
4.26539242858899
-1.98435645073125
0.652412107554147
6.70679387974278
0.0968442285557845
0.88506834577653
2.21407722168546
3.84126216134181
3.15015217902374
-0.221575425833363
-0.917234354599512
1.834651846699
2.81372554086759
3.63930888090295
-0.314758080200256
3.29599488259631
3.58599297281063
5.24772683378248
7.0068497040366
4.5693640862258
6.36888417004074
5.80105294171745
1.35281987353656
1.90487003156441
3.98644089975848
3.93624579500435
4.63804501836223
2.89411005069238
-4.21368554595966
4.40916883094565
1.6398399541486
-1.81942849248768
2.93878569099283
-1.55738732589993
1.90608008571131
1.24312291220577
4.46250886852174
0.447175246222036
-0.0382019678174528
3.0203373463624
2.6087404004362
1.26032205849411
1.48056118078276
2.78670240415745
2.11649033917476
1.76282866314228
1.45990924283855
1.16784664852001
3.6283550074475
2.69365507704549
2.50027724907792
4.61651422020191
2.15491654557579
3.96133641001924
1.47268744424544
0.876180205632895
0.73171139194423
-1.51976209823087
3.63897017284572
3.26253121239871
1.08779550537881
0.114534595308046
5.16195176919425
3.54209118663424
6.09847774469677
2.9691505664146
4.99913363299204
2.42588416259752
2.9719306218918
-0.915422109443025
3.67200031979397
1.09551936474127
2.48460412796807
0.581365043583127
2.12626671334764
4.34643482124785
2.15415185047074
4.97815896347875
6.54662423114255
2.17928753166931
4.49494915657636
1.9860982267269
2.6688590477781
-0.538590427294197
2.1266668112298
-1.38959857482074
3.75931255556263
-0.826399961893455
-0.383977178063895
0.366422178244031
4.70337279006101
2.87627931652154
1.94248005245118
1.16120253599781
6.22897858567151
4.34072116394143
-1.09693760935039
0.717542321551149
3.38093095423076
3.53625346496718
4.05852884711198
4.61683898488388
6.04375207608069
3.04370112499642
1.49561712214115
2.12051786862949
2.8442030392276
4.73167189999679
1.79805899576927
1.15845815982009
1.32165539806541
3.69457568150643
1.16843571955308
-1.78241374129397
1.40911056894984
2.14339349561526
3.84295061365075
7.76422279634745
0.631210861455565
4.13118919660728
-2.81648646687312
2.09585363159077
3.19873758608067
0.323449560886435
2.55996246429683
5.47323324226919
1.94825078870234
-0.938017892854056
-0.765666887527504
0.352520551302226
0.988009797614279
5.17871093807084
4.03975012667771
0.600616006161467
5.90804179309267
1.01345301638972
-2.1819945628902
-0.268986024197279
5.71175480336502
4.05348736632371
1.53374267771204
2.50573121107344
2.24222859723161
1.77132337072186
0.882190912063794
-0.497673937988564
2.01695108339087
7.11121941888375
4.25926370670653
2.75704466638878
3.16929228709743
0.259776499722609
3.09740729239285
1.98745631216342
3.93340500860896
8.24330572543516
0.119953171011449
6.01596737304306
0.451059788524603
1.0436559305907
4.95429054464139
0.629331838728313
2.85989459552658
2.90307179853989
5.07543291531149
3.0970840202756
2.81263611247921
3.26019394728756
3.65112472095998
1.22042648310247
2.87014334177185
3.24419661425377
1.70016404635801
1.94032671316876
-0.861607409217701
3.32223484490542
4.67177801193627
3.86542452402844
1.02498180969901
1.15166989006648
-0.320722684984794
4.4530367767603
2.42730833515051
2.84543600010802
3.6563817399395
0.996653251782705
1.1156634360613
4.04694935821554
2.06538305579369
-0.527301006688547
1.12806860354209
6.27153115769541
5.07861053978385
-0.178931158686751
4.80473672900326
4.25759560016793
4.75056647431121
2.13887941156202
2.91677118300675
2.73339714695419
5.41887470210519
3.64770683671211
1.54186432216176
-0.367384893188621
2.52421427035577
3.2298158143976
3.01185499272486
-0.674396622400813
5.3810790598712
0.629762616037056
2.16272030769281
3.27029485276755
2.18933739127441
2.35366116100529
1.13974896639853
-1.05759489764686
3.52707218941366
3.52310017825914
0.230531825333264
5.03905651711859
1.95700949695555
0.446727079298235
2.63807184021548
2.797396829078
-3.3490346795049
1.34808802749662
-2.59012286151506
3.78610752127746
3.19674450370612
-1.31587272913834
0.0731869884876761
-0.0340872462802744
4.50192937501991
5.24423553750952
3.87656221390373
-0.255146974734735
-3.84019887989482
2.60350798050997
1.98566768690089
3.05547633980463
-0.0307558305828637
1.72773748450283
2.2914274412115
4.07599691682679
2.70910047346636
6.79931789865142
5.32775998532074
4.54344230809113
0.660159599720665
-1.9886215206394
0.761783875323477
1.44453408981733
-0.822375843106471
3.26024439722217
-0.245128652161283
0.271766694712823
3.16717180042978
1.56357217997602
3.57481621080993
1.04092350363811
1.18694118371275
-0.0659184900418964
2.84235630128023
-0.00601973151062118
3.7758931341605
2.9111845068273
3.89847394038321
2.89530728163699
1.9534118992023
1.02020886448109
5.17292361816307
4.17831066960509
1.03716304316509
2.33056837729166
0.532488799832279
7.12744389251527
2.7633230425939
6.78996488210005
3.38296156681216
2.43192509352054
5.75703951363813
0.617882794077789
3.49002825777425
3.44386927848645
0.947460863015644
0.292324873217916
-0.293220302052295
0.0379339457111725
2.44967346392944
3.6387503736213
0.1653031306383
3.50519639386987
0.635678926643377
3.90574408589722
2.28663082975999
2.39704020840693
3.29100426441178
-1.79555241248326
1.48628897428591
2.46216050712306
3.05017775151162
5.31115423321197
6.95164028431577
1.64637609130945
2.80264463168705
3.03139710397558
1.06917761681424
5.59688990168782
2.47656828735626
2.38017163628571
1.01214509595797
-1.10157636872606
0.72676037794662
4.91570692485138
2.92102506920942
1.70206407236042
1.3948221684487
1.59013235533291
0.466099129774024
0.328016321534783
0.564119745563754
-4.48606378160094
1.68040288286271
5.33070896104947
-2.77145669686996
4.68213783043844
1.10816148428037
2.95111766462639
3.49078611951265
1.02286012681435
3.47556046710021
4.7637368659819
1.83047718655798
-0.717359993426298
4.10853931613161
2.28041575012322
0.731201968696998
-0.736835385833449
0.104144656278689
2.62555234699014
0.142654455597445
3.67489432935029
4.23726467381437
-1.53327583798389
3.55508911317051
3.04171142989156
3.14563124811017
0.555332667610849
-1.0276059007475
1.59302188824113
6.53522418219137
3.66178958432503
3.99084341564111
6.86762581886741
0.901916705579699
2.11107672953021
3.22666932905023
3.14335754647435
6.26613601093532
7.81239921879165
0.720290362517925
-0.634078187740011
4.14066262618348
0.893967265130744
3.48729631950559
2.53864479072465
4.30571071329329
0.490692857747503
3.80157704710198
0.745872346817361
4.59958954303505
6.28313804590326
0.981532291090638
1.57126467466257
2.48871005725581
4.75123477904044
4.90971538920784
2.00128336281665
3.91823435878809
0.430988009905868
2.43132410373051
0.680968319539817
1.27808660417522
4.24631808526182
3.09102888338301
4.08204826575756
6.35403437963589
0.796356708062546
4.48599825815382
4.08740183661457
1.23018121178014
-0.374827186013934
2.81860091289656
3.83704162930804
5.16221123410449
-0.773184801190158
0.957161819691141
5.67850307450461
-0.0364293861820459
3.162681968727
-0.237312197445267
3.3086727643407
-0.604430371289847
2.29138226844211
0.643718580952039
-0.103146891955295
2.74695952490879
0.557839532081583
2.98951974929549
3.341254547471
5.68919832464404
2.6697405195706
5.5640239060814
0.664749071883332
3.68260775480123
4.85523600334278
1.47601005606055
-1.80909928646
1.08438325575808
3.92682298780117
0.383939179597823
5.64650767971835
4.13586761252524
-0.950119773946595
4.12851713614396
-0.947600451250404
0.0994717370609031
4.5235104202087
5.11013441079778
1.75149117941009
1.31593021106255
2.11535488533156
4.40513754753006
-1.06606949028823
4.79390080967026
3.45754613548425
-1.52737376513483
4.40058926172104
3.68043141409468
3.42951934214948
4.48939444852512
1.22915357745034
4.51568546707707
1.24652934273171
3.38062896581411
2.47744308008714
4.88564879708011
5.61306487640012
2.86053150285527
-2.12146228078032
-0.73853048229987
2.12963261389619
7.59825998498918
-1.0867197823487
1.86616517231733
3.33647741530546
1.75472090851851
0.342204926344636
2.37272021129415
2.91222942434252
-0.938573617644662
0.0348696072389731
-2.68494009599666
6.06626410832385
6.40122781228233
0.721476730423616
3.50307897264968
-0.586645091258709
2.97276385845671
7.69942774345691
3.64443278014902
2.31616834158061
2.18924507696953
4.7086277277159
3.44527446683226
1.59445187127456
0.17349716528027
3.66354074023022
5.09757387706723
-1.93638971668118
2.71538627266611
3.30008530845459
3.73670864180681
0.204796264107426
3.50458055730722
2.32088308605752
2.70262317498663
1.64503072298212
-1.18782338529078
0.396605419459231
4.1005512790868
3.36838849206596
5.70351460135966
6.22332997936693
6.99375738297928
5.24375774857864
3.07527636683605
0.994862038451802
3.63524124146023
2.2985188191468
-0.384662432499266
7.55767185907469
-0.680345699810402
2.14097383103955
2.44716986144187
3.72458570823295
3.28478407111881
5.38015587011089
3.23575995643751
5.59190693208905
2.23650988717003
1.82198130678288
4.02843641401606
3.05686671797609
2.92334556454559
1.86756400479656
1.90832462225647
1.17909591777129
7.06778792748548
2.16808672959003
1.66037040487976
5.67965304320047
3.55621579996215
3.95955958331611
3.84781179382804
5.80300263390447
0.809088278560051
0.631496116180667
2.76492205980733
3.43133134056688
1.10866546409425
1.80804198885121
2.76676845857067
2.67828034468207
4.46407344623553
5.56413411753541
1.32797623325687
-0.0314443151890312
3.22400929637395
-1.73233514015744
0.639711340914751
0.202348062311773
1.45253700122633
2.99532884384407
1.41545297173734
1.67690996633431
2.17287666410064
-2.87918806135228
3.16724532752077
5.43156196674714
1.83075399503219
5.69701406006029
1.27729318316579
1.08178806131293
1.68202873228191
3.89342138786136
5.0162888660529
5.49280973704814
0.98293341106
0.920202414273037
5.65822780573822
4.75658454201245
2.06958267750926
4.68802759775244
4.73857636831522
-5.20461854633223
4.54751930550884
1.55376556421001
-1.79449255141688
3.55015183194447
2.08834532689512
1.95509031018793
3.8027955374958
3.3850697173637
3.75842636156759
3.57768064207241
3.62345721272011
3.7222713666456
5.73253370250793
-2.33369230870303
0.619550180384697
0.369344207386429
0.629679918728127
5.20862812350887
1.36399174279072
0.956192654837043
-0.589953752579075
-1.88180415636962
-1.07908121943959
-0.0477702942347428
2.45499434406097
1.03179615418655
0.266913445293511
0.448715374267747
-1.51118196741781
2.25090719967689
4.78132793049203
3.52076203914115
2.85918079713706
0.469191185514169
1.07929381697687
1.91404570341803
1.12174305682728
5.45567414042221
0.849106495957737
-1.73822064176115
1.6546078113358
2.01880617698046
2.39979557448046
3.18195416210863
0.927191101198082
3.10639139584543
3.6947067227217
1.6950804472406
-1.84892143235523
1.76512463682777
1.2297640800585
0.101940242928057
0.838994722465598
2.3913872788278
1.57340097791882
0.940162961764501
-2.17041268603946
-0.498996791267429
7.39481882470039
-1.36473091490253
2.06139279852223
5.47929315460936
0.0341648372893446
2.31513716977628
5.7647792600901
-0.145824314545166
5.74666045778794
3.58691654145002
2.89408367391112
2.01199834646101
0.981219817058431
-0.700886429016061
2.72815603247121
3.43393866460657
0.868141737348901
-1.32895123291717
2.96620975449327
1.38247235625873
5.68161457470111
0.0367412952505111
-1.22328340987668
3.27325526817052
1.24851430467887
-2.11843908880745
5.65411628504245
0.949705620576683
4.57583041515659
0.389034145850017
0.252776852494122
1.46865391940975
0.256200838881949
4.86341745249469
5.59905789283086
1.44452138325424
3.20088657119222
-0.0317366034353408
2.82598546133651
0.864907250594378
0.32803686091668
0.0753569559387137
3.62527211098242
4.12486338785423
3.27591584572423
3.10930848639312
2.85616656505957
-1.02446391947807
-0.258528863090135
1.50902623757501
4.16523702579292
3.018858108306
5.20373850067138
2.32855200117586
2.95405643894214
1.04522474585405
2.53621125239101
5.91599598784792
2.82719889680065
4.87216967773062
6.67035185110957
0.438087254594207
-0.464923546347542
4.92506278894661
0.803092848082483
3.47156307537704
6.96256895232952
2.49801387759292
3.29663797420032
5.7830296681155
5.23482802289496
-1.07390966474021
1.36295176514522
1.49565945631358
1.30119290250906
2.0603047384636
4.36421854960628
2.63559590790365
2.72473952873307
3.59051661389159
-1.69586539287669
2.13605647642869
4.61906349781842
2.58064564604234
1.15045651635799
4.34343481825171
6.56948436182136
0.924256536667129
3.33535749275798
2.76396733959051
1.30278908195804
3.90035870746165
3.02580584293693
1.52132129146393
3.2431854012677
-0.577120370243557
1.20720221305531
-1.16856898334243
-1.46904355406736
-0.031207434014604
2.54375637152932
1.75742342501831
0.143548987077254
-2.3617588242127
1.59601391136569
0.984162742217259
-1.99030553496198
1.6217483088032
2.67502759692341
0.14892590320715
-2.06108206476428
2.76044517802633
1.66809433389313
-0.988298509321519
5.3803795949467
3.76851592012123
2.19580737380775
-0.829674613462211
1.03742478126909
-0.198007106833539
0.957411007061734
7.22926578393442
2.98999042665907
1.26359242771059
0.989969571171823
2.26338742783966
1.81837641533237
5.80316391113091
5.69559561804662
0.949915842988874
4.902981402138
4.53789899014539
1.795222742494
0.685156904095812
1.18041460533615
7.07029768915228
4.72915178388185
1.1053469627781
5.23528326115102
2.25292542797931
2.02153596455368
-1.67501752164014
3.12787409834321
1.74753696587467
0.143505813403526
3.49778030112229
1.53066442460212
0.87436337046786
3.5526275968721
4.94382570927767
3.66260740642223
0.966348622573141
4.64323306587623
2.85369621299885
1.15376076886778
4.08991312663837
2.46150698759883
4.82617114622363
-0.587918396217653
-0.500422697585078
0.586854296820977
5.76899251307172
-1.5409306140778
8.51123164278354
-0.0888839036664719
8.31901202094142
1.46400893925793
3.47378875903829
-0.116591143837565
2.67541244321904
5.39265894589639
7.25390150026669
5.45606153697612
4.39088309893906
0.00639008028391685
0.0337311366043291
6.82022207000793
6.28538194311349
2.61526346440183
0.099279116650832
0.333768561971618
0.419961731196217
2.65584575988631
4.09034817762903
6.00389930209854
-0.0525823380360001
5.13133583882856
4.05246167831825
2.70781129451538
-0.390940558442721
-1.80201099837618
6.3918740132143
2.67024063504915
0.228656523803537
1.19253937800025
2.46681260132851
0.232642348974978
1.35813891603657
-0.116972097744543
2.40346014175415
3.44677773133788
3.22757454485913
5.4254603286416
-1.31005076009624
2.10361573967166
0.613211533212275
-1.50537183904524
-0.86047900904694
4.6425522132755
4.51116968118118
-0.027062738178404
4.35110183313222
-0.964892070275555
5.1042882577693
0.905989163481858
1.8054954423415
3.7041866567104
2.74915138992448
1.71084807274308
2.46695277540346
3.49841683310514
3.72357957571944
4.8104843760033
0.758966965190153
6.36481607492975
0.989541013518809
5.74133144694898
3.34362310485258
0.535657992141794
3.14444064465264
2.93661183698758
5.0346469437351
2.90012467743077
1.33310246290186
0.0770445900510086
3.32333727476648
1.38925219194457
4.98426951350614
4.79862594279668
6.4086424241887
3.22537343942831
1.75401558802249
-0.121142392997008
3.26587832507749
-2.07810632934998
3.27971091089954
5.23553656109249
4.00751577263009
4.87090526263489
1.8069291511426
3.00306681283159
3.73815060095518
3.77250479125599
5.01464041749289
4.02887435282748
0.544202488743868
2.63099158443436
0.884668439739045
1.705174323015
-0.168994924251921
2.80525066819955
5.51649492065071
1.80201152597218
6.25441817865854
-1.42106475514167
6.19080766189477
4.3386508152058
3.4066210018764
-3.07580585155609
-0.517688066386327
5.20790370994894
1.60965975782648
1.93977149190762
1.85674639852388
2.11770860792714
2.63472797705893
1.40625873681618
-0.956629572530472
2.8735958716518
2.55635327252431
2.28892101146931
0.897476032705075
4.10628082087159
0.724285765899545
-0.123328376743407
2.60887365678604
-0.147836110845099
2.91420307982031
1.7383949459686
6.74825550995419
0.250414482627169
-1.93416238462253
6.19789250634864
0.525789054127097
3.01584663972992
2.45963004009649
4.89797190274653
3.43311154212264
6.93513174619271
-2.29701491522925
4.07433363552368
4.88636848268836
5.06259841148742
0.432860246130399
2.16535161974222
5.12803995074164
1.16247483695195
3.01572787552944
2.14909492095732
3.18638299724319
2.67580164512582
3.01324993827978
4.99224331406559
3.53428124738655
2.67827665032438
0.356179807554867
-2.48775621291458
5.38521035314279
0.0393746815185021
6.4784388691072
0.845440589175444
5.8559570914901
0.163971696378037
1.6965996590135
-3.53233261827231
1.56334108749757
5.15044407072437
2.38113534740204
2.44540795942841
1.90880346232746
1.26461554791454
2.03512080770572
-1.49538407894128
6.64004465893888
5.28603696892692
-2.17252930219413
2.79967280548299
-0.0263244397712572
6.02616966916152
4.58016165981998
0.526202917125887
2.12445055290383
-0.960294997077248
2.47788194727953
3.02908735115269
6.15009777909137
1.89734706072476
-0.428766501951567
4.0978997631894
1.55559742062596
5.53236188385797
4.48855394880032
5.35848315251075
1.05853601184812
6.09883146392986
1.20319941581867
2.38725935552746
4.31346100835338
8.30052670460775
2.93286393177179
3.46170905059272
-0.759501801187843
3.62700288386427
5.72795179750935
2.63936039015034
0.959520162874296
3.33538440367905
0.997666732811239
4.48543167138876
2.69976029279448
4.98013324150991
5.50718939159713
3.18820961509103
-1.25685345298862
-0.619993356964908
2.97155686308695
2.19992814956576
2.83515913490434
2.03686720817358
4.31195293791466
-0.730852539310652
2.93390754308411
-0.513944442582688
3.20855456773355
-0.0142662180315713
0.396555484963743
4.40397698339448
-0.597891471165349
1.69922260132823
1.58884616934412
4.38029736240269
3.23047390785773
-0.147693970735052
3.53584456594169
4.69738135623739
2.4555065308459
5.95441624925952
2.96004252086463
2.2231000618542
4.2707044556319
0.834638991385879
6.76638134092662
0.817957828737344
4.25086443242436
4.43976418957178
4.74682114769766
-0.508119037312906
2.31919738458669
1.07446485094367
-0.296947398954165
0.814878952719857
5.62699188799977
5.8741575036644
2.31353870576003
-0.370658094443482
2.32140927381111
3.26048707769383
1.56973634745771
4.94201849600418
-1.44318974973645
3.84489570009502
0.551523008981407
-0.472997966697446
3.75269418601365
1.44826960094924
3.67466247400233
0.831258877641579
6.65762851083669
3.38775070082046
4.36461046273841
1.41222183266923
3.76117272406183
-0.0142117276401619
3.90910594295516
1.80961793946084
6.254911254378
4.11839242960448
-2.0884206751069
4.0717581250247
1.35047838217341
1.88503986669994
3.24340792904799
-0.575593708018658
-0.218064237171832
4.57554585123307
-1.28075683989447
1.58814196992323
1.22817409155873
-0.247712746466324
-2.25569566472787
1.78498643948859
-2.52936006526567
5.41396118981276
1.23622737252138
0.563019427664159
1.19657041839852
1.53902579551373
3.91027680788771
2.54180079109826
-0.343170634781019
5.0236154566017
1.0260432817255
2.0683693015877
3.97509165148416
0.667188375261849
4.80451239019747
3.22502689930625
1.20360093864556
1.86542606596465
1.31223304606504
5.21829871279582
0.797986631852219
3.023815242537
3.0972516172127
2.79430925352704
4.36456705143899
3.35505951347684
3.0120049509489
2.48580120618123
2.85052143581394
-0.0602000357094444
6.43971343531505
2.87576176941203
4.60648253392902
2.3538019691433
2.47102184972349
0.762521264051428
4.61103607020158
1.22604007478732
1.44717371900356
2.85886538546821
0.0490721356182546
1.87320395632991
8.67097428428476
-0.5149949259932
0.762319751914796
-4.09194261203819
1.86324702523609
1.86236545522921
7.07984967720252
-2.20627395196037
2.21108949984495
1.32789089156548
1.74452925493165
7.85956758656696
1.8628779129833
3.49094492250473
4.27097572134794
1.69466437908268
1.22458122226183
3.86561212190253
5.29043863250971
3.05596898112608
-2.1130208010061
2.92472547604096
4.10194960042791
0.983074069136169
5.30320904453607
0.766636355845
0.388374400760676
2.66910496047607
0.666632959103123
-0.897980635204487
2.65249438467673
0.303814268443291
0.85513587983285
0.412973382515764
1.02044261473762
4.02671501738986
2.24787579181642
5.94563315090706
5.35304167958422
4.47190930652424
4.99530855179267
1.74782391780474
1.65672998534704
3.88593002138787
2.71494731959039
4.94466268640547
1.69922983618866
5.53621956331805
1.07885812323795
2.23971202132176
0.871601900481001
3.98136558554083
3.31395440691031
5.25779872082341
1.96770473928314
2.43684083067551
3.18045787175382
0.844082620985307
0.878227123873704
4.51323942010637
-0.420755150446487
-3.08075539289739
5.65788960263094
0.102246447409801
2.55721343939234
5.69091273737841
2.88897826269741
1.0967193230681
0.159392529109606
3.34091220811372
-0.00844306010938767
4.63808442714786
-0.133871772016431
1.50973071861951
2.56120065377009
2.48895818870212
6.12139846792368
0.952252179704635
3.26389147979569
3.05417584696985
0.793988530449199
2.73701769986488
5.02884466707903
6.38219000912054
3.70204395774947
2.00075183102558
2.20816270497769
2.87559256017463
7.95974352955919
2.19699721529908
3.42521734151535
2.38301032506131
2.71129488151897
2.80854170368381
4.29284266746561
2.3773451122031
5.39421530934934
2.78150946343978
0.407580825115569
6.62841814989135
3.02462083730251
0.961292984855536
2.4844814422635
4.72683372146596
4.25298967455781
4.48427457262657
5.53337604635608
3.60419326459658
3.07823225971791
2.69719539020397
3.26236902008491
3.19851059554668
4.93504118038682
0.241144252943388
3.21332345180456
4.72819892810868
0.713600425561276
2.79368339999021
2.8871972297393
0.880233296527329
0.729129149265869
1.25104164906609
3.709275021384
2.58457940507774
0.758754690935524
2.17211509275678
2.38178890356671
3.56434404465567
3.90281080633968
0.663511313769665
1.55664811873647
-2.15362712942489
4.08305781663332
1.38951942783029
5.21440977639705
0.476041362920063
-0.681610294487869
1.4554513092771
0.818729959826374
5.22731397380373
9.68318643069594
3.71422633506697
-0.554307961218401
1.23020086622644
3.46191997281689
2.6285163232241
1.96488453471123
-0.321728094012177
5.38707975408576
3.07978710605659
4.51067656778854
7.35444492285081
-0.713776432047769
0.612251035183497
3.84332850448515
0.185614230321544
1.81437432090004
0.703507233417602
5.34224559709724
4.53516345494065
-0.0123654598974399
1.48023287911817
4.96149059483898
4.75999836466962
2.82214027368028
-0.0656952836489759
5.03297494573517
2.66914114788591
4.76145687385653
2.77253484030927
7.54566715739594
1.72740219155256
2.78469396042639
5.80579378172299
4.0467225737097
4.39305720390292
5.34890036016339
-2.43260578499842
-2.05990705895218
2.31952654016349
1.42128930623218
1.55173195250985
3.05731417189528
3.14394869099583
-3.00523516621521
2.5782087648019
-0.567662095813193
5.07556175107003
0.0343384468484609
0.3125292563454
2.75888755745022
3.72517137483368
-3.09104536140978
3.79018350784192
-1.86806905391538
3.9215775047398
2.84556468582277
5.03494816196813
5.01529658354145
2.76500256923573
3.64767262723126
0.014541445657417
4.82892184907946
4.52358761698701
5.14423326698009
-0.422052231523612
4.30790069934406
-2.10447551064864
2.72785406026612
2.52215930299655
4.88882621871153
-1.1862530443125
4.14822281970572
3.70458991858438
2.94515360131449
0.171780377189618
-1.47364167222661
3.03246968962686
3.65433323000953
2.17142910956678
3.17891605586213
5.77474897184074
0.971544527205263
2.3750870454045
-0.609605142123567
5.01674350478047
1.53366729852931
2.10014710949766
2.92431183329318
3.0688074914567
5.75157360471909
4.36326973949712
3.74324922438057
2.06329253201654
6.60509671977105
1.48991596194289
5.25220648691121
1.57111385108726
5.95753984623341
4.60167005059347
0.209384066718046
3.4619543058958
3.28641167736932
-0.910800311230367
3.00628998202223
2.17970537322083
4.16232196165587
4.6049246855863
1.6107987474415
3.22905747582716
8.4577412476912
2.59939664926267
5.00120374944895
4.24085819234091
4.7818571304533
0.408762914080921
-1.32962972682719
3.73175196074064
2.89078879571808
2.87977608634144
1.52715223902201
7.01417034200304
-0.147761195447727
8.5699761640408
4.96217325037546
3.4028720854625
2.07057867676856
4.44828114856721
2.84634686766359
3.04402651177698
0.69543317508953
2.14851032590326
3.70158169529335
0.446192077525837
-1.73102951896221
-0.619006377383393
0.0636664951535035
1.26274073098879
-0.363850433019217
4.34683846522503
2.19151788053356
3.00390382722782
1.46341176250997
6.13577836312338
2.11848131813019
-0.0970664828193929
2.33547956965058
0.366449595375763
2.52862780541771
1.41873139496999
8.00367867958196
1.46048879964496
3.34772091924531
3.82898272131477
2.197998980456
6.2799863932403
5.27996739474357
3.44696525465431
2.66735150430054
4.44642686818797
0.502971318741108
5.72635948323117
1.51241968211343
2.11232509575917
5.13473639041298
4.30102032949142
5.18625501197022
1.26747929908227
4.42058059153164
5.60521185988472
3.84750552136971
1.98703609840373
4.1825898376353
1.19665361765097
0.953732004464389
4.42713956229679
-0.628222198246031
1.68826201746727
2.14045839353339
0.994885396604736
2.93819007059743
1.44133573379511
1.15545135095152
6.09227068583451
1.99064661693813
-1.23906017792104
8.40257971132578
2.6024223914289
3.83738499874166
3.25878447194728
4.08202501138222
-1.92946283237168
2.01827681034971
4.04655293773937
3.76447527446981
1.96326637383513
0.191548167916783
0.845580231666195
2.66673913678345
0.24252997002615
-0.397037869288579
3.62405137571788
3.84203435286865
-2.33482879116061
7.24326028774694
2.02038359698395
3.44760577744144
-0.675388046795075
2.76889835923165
5.53840198062378
5.13826375005827
3.8708198001761
1.42358463845637
1.80366785637388
2.91785441624918
3.98504592706422
-0.464591837796996
5.08943316358601
3.93535634860008
1.64696589490878
2.87676124685182
0.248205006256008
3.21319789634268
1.59621365049997
0.325432866674349
3.60465151110896
1.69197732688927
5.46655726135022
2.68177507045263
7.24508125790084
3.07495445761476
0.0993716306974477
0.0373721127922912
-0.0814341849045329
1.8641826573409
5.84739315872639
0.567436397488841
2.17120771332546
3.08064608005982
0.822692162799953
0.937909750678025
0.542060099866786
2.61079913513493
1.68878489593461
1.93143229257525
2.10413358614635
3.75698024187521
3.20443038353819
2.12261470614497
-0.179466205381694
0.764909024455204
0.336936508954659
0.0368940559768928
2.42572659132985
0.545298697923472
0.275103159447241
-2.2511601727546
2.91586758735443
2.36933701294473
3.90347892444529
-2.01232934863141
4.80928183879695
2.56054570959061
5.09498927110142
-1.00590949326493
3.35182014599208
1.90353600298861
1.44580357074911
-4.04053545872771
0.980435223568846
0.81183130493657
0.534632290846835
1.02139522105067
2.57245763661254
2.19276534268948
3.91325419496078
4.28018717009024
-2.0618267198593
-0.485863223691154
3.62559600430458
4.74910237492454
1.16145419174263
1.56385418531323
3.012555557663
4.4011071099072
1.59833681738449
3.62918119502009
-0.56082145939171
3.15382360041979
4.3475270695449
1.49612229460713
0.695514705930273
4.30607154302608
2.83435924813413
7.28183086226475
2.27704646632008
4.29106002768976
4.01893218760776
3.41580745491173
6.32300776762741
-1.52924023429381
-0.242587173712188
4.28592353909508
1.58031958931409
0.807734627830163
3.73783784694304
3.83299881222189
3.97249229227354
3.80240176824964
1.54765877208088
2.42038138714513
1.45309499375172
5.30428693316615
3.78527968111727
1.87802505789971
-0.468593744250087
2.21941381401224
3.33204787185612
3.49873506162939
4.7100976480226
3.67708580668154
2.64990212419934
6.80075502486714
1.88479017516865
3.00599948236653
4.77685051055741
6.49396947233679
3.44452222697866
2.11353662506184
2.12097994354703
4.23161089007983
2.33396189855831
1.48157668812787
8.08493801932677
4.48164102583395
1.60522491955459
1.97806808403443
6.74413033802897
0.529554723859295
2.47919455790934
3.14452279590324
1.84192706594553
-2.19944476541523
-0.518743978136186
1.51418663528906
1.2709253289661
4.65328342854537
3.80134266111395
2.59676097757158
3.5121169655425
7.97607952851384
3.37476865141947
2.03560737052146
6.44514807394945
0.754171224507733
-0.192948928042179
5.99894041051402
0.516377911737003
2.31166155201269
2.49225045227106
8.0509000839861
2.41197517317543
1.64077533564341
1.20622557881521
4.3022224746414
5.74130051208453
0.758085306054689
4.04392037355926
-1.8288655825495
3.77040356041191
3.49101978098801
2.77640294046718
2.30746801471055
3.54067655135245
0.800251650008063
0.169373137625852
2.9970503921879
1.6361392476309
3.82821388578735
0.867557886949
1.14594298720634
2.67966075359902
3.35795804403465
0.761147752313042
3.72974329252015
0.0515858708749766
3.1829531749317
-0.0983901677251436
4.91581646203919
0.797992946531646
1.60865277883489
0.638499508813248
4.0743288905433
4.16378096213939
1.91866790046709
2.82855924724513
2.27913977458493
6.0676304128575
1.35283309779326
2.23580324457583
-2.13177469708308
-4.6342430539291
1.6526524622377
4.1311651894165
1.87049132119558
3.69376527341253
5.68464261587378
1.76049478524103
0.510195010571303
-1.06525558774545
1.50307202675711
4.5504044992378
-0.142834029281786
3.8198557599552
1.80854322387947
2.697296092484
3.33464936593992
2.69310637554703
2.0136797856238
4.71243949741408
2.95221454865845
3.72955886819373
6.22676304328144
0.74245440355048
3.7357633491924
3.49454491771988
3.17598145770325
0.399892140395392
5.26622317344331
3.6731658534779
4.20616967044121
5.29529376588771
2.23960511561168
0.621634254452123
0.926453845035551
5.91832233159564
6.2598900094715
0.78264417419344
-1.69846834398396
1.01093743198325
4.00328268186107
3.88651284724512
3.20533578544408
-0.628663248539686
2.75531098581239
4.98584187963464
3.91773981054481
-0.76281239313711
0.349223189088379
3.61855384444991
1.90235808787502
2.12580175689815
5.54125320085501
1.33943016714721
3.67592151866347
2.51468542985076
1.97896524382319
4.91116456185602
2.16885360070556
1.58492851853832
0.265342799891418
2.47785694745812
3.07088611873622
2.00489809149515
5.63441567272854
3.80044861221753
5.11600656628608
2.3251674636033
0.794035196568484
1.23568337659736
2.73371015898424
2.55032435487112
4.53925019962968
0.264841145755048
3.43851187418685
3.69770241858846
2.0719401830916
-0.0504306009801208
0.525744444741675
1.40533899533778
-1.04241760548328
1.05467528410348
0.543552741835979
2.46436096759479
6.67248346817539
4.04937350272147
3.8525099967599
4.75011122879729
0.186175628178927
5.12298044952271
4.74534003449766
0.270868485572963
6.76632619337601
-1.40513814288643
1.81739950253449
0.997866923832893
3.74254574508219
1.0693345444031
4.07259653801325
0.602709125408111
0.483407050724072
3.91562416021855
2.7592474790403
5.25907828317824
3.11339650061576
3.8615786255466
2.5021392082811
3.56544459086681
4.65258307844546
-0.492790729964655
3.24840013188783
2.00276502777583
0.828283961884387
4.48995969715615
3.16207306429054
2.97060743844146
7.52445479124068
6.55159898487059
-1.54633632587231
6.80108012923035
-0.633029225628732
1.72668947873978
1.72732149086039
3.797914616201
1.35850652404014
0.202954273671896
6.31148537531404
4.2703946126808
1.37815903733054
1.87282784877077
4.11013664838838
4.22568297687383
-1.34427983238735
7.12832973721497
1.43208591983834
0.61854951778368
-0.744637088107907
0.235460264915753
2.86758251879085
4.68962941466536
1.39779122593083
-1.5876522228041
5.07294954325997
1.97953557733061
4.22689670575343
5.3786314612579
0.712646628074227
-3.32086690257826
3.88934695181381
3.97872546092287
4.53621142895365
4.7757312491419
-2.99547183768224
0.542795077136057
2.91474762588491
-0.110687238723337
0.676699481311727
-2.82148805084482
1.08543649110695
-1.54873735423232
4.00124792578318
0.517704157034977
2.32721226041494
2.34051398635213
1.97785487995768
4.36124507441982
3.72334356555449
5.64599592180018
5.78188218871809
1.26164124950605
3.82059861778465
4.48170546601185
4.97431500692436
3.79230017839971
2.89097455334396
2.79700754617351
2.25733365534548
-2.4225635854167
0.151432404070925
-2.67064378568227
0.334639686346983
0.607242553604862
1.98135454913519
4.41713524195262
1.4698319433955
2.5482471308457
5.13857005207416
2.07403416092297
1.36612395355606
2.19696958017649
5.27766815281509
2.65586577966737
3.55049914927297
3.8234031914957
2.06535201351477
3.28898600720929
4.25952028617457
3.69363089032846
4.76294126764645
2.08561161616852
2.39329836362206
5.12550251453906
8.29176852459067
4.53972767144707
4.00372252669529
5.35790367106622
3.02841556653184
1.09555327156712
1.70943161655916
5.02566618421738
5.38254187927052
0.765032580272793
3.85235081724725
1.41671213692206
5.23882762865236
0.333472965283272
2.87957374349528
2.67065319850345
4.75573208893454
6.71692927581308
3.63029753816313
0.407405684106621
-0.143972939433347
2.74330731486744
1.66910269840038
3.37274456218692
5.95134292906468
6.77321395077891
2.66821422610383
0.852236229864659
0.717802530790448
2.73043173762013
4.97090477886235
3.07742653244341
1.55075262107943
2.91352987928687
3.67969933568701
2.40364419138451
1.2963011551842
3.67653035744829
4.88602818509778
5.18237697665389
3.87178886686226
7.4317828167062
3.95156217618262
3.00244822348035
2.31713167969156
4.3111960402955
6.23338757842075
4.43417936364301
5.33771849150241
0.13058753590235
2.86347365854883
1.10392990375869
-1.49326520691113
5.38311832585715
0.0197496111052202
6.4411588337707
5.60869598751627
1.09124948160637
0.68809505907194
2.27115223503962
1.04093264522461
-3.60950512446272
3.11461430304408
-0.76035924601279
2.52084638301254
0.424909372733818
1.25518456609506
-2.0379652372329
3.20060718350638
3.36349393317075
2.36094453538
1.71063399452479
2.47300945501291
1.01039657442859
-4.05058636309281
5.04309784694528
-1.22719787573431
1.71825894069354
3.38072181844731
1.62307031896626
2.40032037196436
-0.304661894165065
1.48228102245562
1.47434120025852
-0.181657059125618
3.78741251174226
5.72989479450342
10.1749749224629
9.52926740033017
1.94400063743799
-2.39143620408576
7.93646167356566
0.655948299545426
1.97672343394757
-1.84522593411405
2.70878961205239
3.69281630472308
4.05557248825564
3.33334781092437
3.61182901223388
2.54222555894132
2.73959264683089
1.16400195327705
3.0106683306523
0.41048633184235
6.43044934627028
4.22620544981007
2.23025800656407
5.65225929251728
3.76512388786317
5.63726076198049
7.51968147230126
1.7342999419653
1.18582949057808
1.59723289297222
0.986285041620048
2.83064422710476
1.13982899985498
-1.45245084461831
4.92384543717259
0.917617282789779
0.499408084312656
1.09829166500625
1.01114174726
2.33975162665817
-0.723453650452062
2.78020485979917
3.7508612254191
0.212279651926012
2.90725564444911
4.02192498463053
2.62594927341573
0.951038369166958
-0.0449784339297094
6.55790295785597
7.37382305237012
-0.985879480813595
3.02205742946212
6.58236080286226
6.31994852544871
0.442991351205371
1.52204814978821
2.33758444918629
-0.244854648016587
2.24813606677566
4.18953196566702
4.59939541222245
1.2054007693317
5.23796351369121
2.03377653145788
1.83355275073349
2.02017520505922
0.842908164057696
5.11614840392314
2.18047343254319
4.10865106296337
1.43732111712889
-2.46067768016381
1.46253191672394
-1.39649070147635
1.83044286199723
-0.170422462554531
2.18963713171234
1.13172077663587
4.52215054375634
3.96995680623182
-0.26248705256815
1.20611063791375
2.32004006356559
4.58910879869929
2.36610262427893
5.67304332894274
2.31694453642222
-0.130917201391064
2.09600211635941
0.183996449350898
3.12492620814838
-0.690767127307502
1.50752777859127
0.819675189037673
5.00296915891143
2.66781689363341
2.92772119569823
-2.83891573661506
3.98969926115296
-0.261399477696464
2.53232184474327
4.81060331573255
1.95244022251388
2.4819460653819
4.19398848353274
-3.63835133842703
0.275213673882305
6.04865915694082
-1.52549748816188
2.99360293878737
3.71020118807736
1.96793886408267
-0.526728885894727
1.01319532751006
2.2918501759559
4.26596044300698
-0.29236713471328
-0.835974856607173
1.81729083519102
1.88747616632193
0.903220906433926
2.32294280837033
3.40218473361972
3.2708836770114
4.54706523941987
6.32397624810141
5.06885950294246
2.14440197229037
-0.0165689202735009
5.34283563089583
5.7508338249731
-0.35451063222255
2.87961925668616
1.61776872629813
-2.06347324963874
0.885519253257782
6.2449005644843
4.34117506506937
4.44865223147025
-0.80455223361955
2.18399946257226
4.87783034018924
-2.39491507631065
2.89179557739462
7.02700184643895
3.17865206504606
3.78996640134683
6.2286618573762
2.32767797105725
2.01291484483828
1.91281567250892
1.21807397036394
-1.6914443805624
3.02698099401836
3.143715387324
2.81010844915779
3.57056757579056
1.21007015730025
5.00494261209113
0.57980939127767
-0.158427433391338
0.475514100048513
2.78649503536389
0.400597546561623
2.74757634064397
-0.165132924586464
-3.06396237496477
2.89984919519351
3.50854906196194
1.25401593653027
-0.915680951506164
0.513797306475027
0.220757616475022
0.467269339762079
4.24903422158591
-1.00727404585969
5.2588805489337
2.43997359158131
2.0293210279463
1.91304904388665
4.74010383366247
7.20459446514524
-1.715799452349
3.60008259775392
3.41139986049738
7.82987606721701
7.05522964827738
2.93312889572712
0.415032908270686
2.53179159256896
6.05443626945999
1.45990981493512
0.74398471975378
4.34015238324791
2.19000711907655
4.29278965019993
2.73548723506686
2.91184887134977
2.42396788657407
5.74304481056644
5.18068314869478
1.9800170128847
3.8403941904172
-0.712083685147667
3.71612330889529
3.02309948644932
2.95218764783986
0.626236406492896
1.14135544215579
-3.09615811527905
1.58400770132416
4.74701191989422
1.13580876711509
4.61215018830778
4.98006196497874
4.2838685456954
2.35344596906615
2.02572533682693
3.04367330407355
1.0534604501888
1.57492202125083
2.04844244570612
3.08979217904974
4.66567326812298
7.16844368734134
1.72996601884723
1.89532675907765
1.02006617982426
2.57053744425603
0.943788080269613
2.91745966299205
0.713389946934703
4.51539624238185
6.60455907534018
5.89977932962628
7.76778824300341
3.31391585140155
2.8028407072907
0.927066981929873
4.32415476206154
3.86439774276469
3.14364133358503
-0.977001391367199
3.53922852351306
4.54353010070301
0.93914182061695
3.14051837735403
-0.684808106322997
0.99138409366205
4.53123627287454
6.28775215185579
3.85528030412048
-0.752459770159629
-0.255409032118314
2.54513304365667
1.68548762853154
0.453018062624881
2.60511602046682
1.84468718546951
4.13124590550843
0.404167525335264
3.40320315057492
0.754967080629497
2.57568354988975
1.53559050222269
-0.87300497992373
-0.17599399002723
5.67159302161841
5.80727545965969
4.16418327673563
0.842987402331187
1.17645646510467
-1.43823004254896
3.04528250171929
4.50938683321766
0.499284152152566
5.18957594391366
4.28918685802802
2.64625393746875
-0.542425997645921
-0.139551304184703
4.42882742604698
2.01535908863545
2.74244785161649
-0.0398617549242757
1.40461683082781
0.225145545333645
4.86838549250353
2.23045762261095
-0.452600027184894
2.15163627286263
6.03094198523939
2.3173702815181
2.59531276326889
5.5123835715749
3.03319651963757
0.905213100592929
9.0210621953217
1.57437330912047
4.03375172071204
2.01164544754354
2.15403173089456
2.73001804002528
-0.504458342507025
1.18761129379661
-3.32784685902598
3.38600051087295
3.82125714370044
2.29175917292008
4.8652065356329
3.45007698443469
6.70514243657593
1.06576822466042
1.52992516846665
-1.0724029976253
4.65793621111386
-1.06704533452627
3.7085798063297
0.309825736901251
0.906623632575805
3.695787209923
2.75724133971442
0.794224489845104
1.14639370219795
2.81447774065612
2.31761272146684
0.874402019814373
3.92712542876362
2.93495952525468
5.36680850115833
4.40784979391518
6.26271294393941
6.50509322798053
3.01354788221112
1.23916235728199
3.2837772429317
5.62732070170572
2.50238447717284
2.76920242341444
1.27811488444336
2.07946513870918
3.26159421703757
1.32356989481421
6.0579324039404
5.18014455937513
0.810524240050145
2.60199661807527
0.147609512931489
-2.15880393807214
7.29216688091476
4.57177042145144
5.35559629454409
0.218621582345332
3.51076425865245
5.08550897599017
-2.79815163451527
2.81159412348657
2.50906117533995
3.11641915599919
1.59854295899464
2.89601824402575
0.280685977545745
4.31683841813902
5.80175324597622
3.82624137355974
2.60342217303664
0.377425767431037
-0.818333906619123
3.54379077929358
5.62903070365403
1.95695153695459
-1.86848602723474
4.67217844568316
2.68792211664979
0.00562361275944934
0.712943808805376
2.81121925056773
5.11665070845176
1.23638452635697
2.8855476827845
2.59780913875254
0.868291865736887
-0.630944091191794
2.27601108374304
1.49759493638157
-1.1617806369226
2.06010201625804
-1.29953409264315
-0.278244918413514
7.17959940829525
3.99141574251116
1.81554594123155
5.76017747021046
1.07714242750699
2.76943581074983
2.39488583944395
3.85895136939483
1.39715512539533
2.5806422088947
4.60369968670957
3.54433679635984
1.50466910543395
6.0181064347321
4.07800666940717
3.4729823454665
2.79221823131015
-1.56953740074121
3.68216033463439
2.8843169986905
3.0362737596182
3.73467928574289
1.46829694153834
2.41529025799305
2.04251575421031
4.25880385396964
3.72678813688208
5.54028902314836
2.43633624901735
3.06408102420348
3.97947383873401
7.57013235456182
4.06168429660791
-0.616469199916463
-1.59441227900457
1.37707145410627
4.03632158519474
3.8488604727139
3.94330640154911
3.71688647980997
3.53542776313718
-0.055799943790957
-2.79195116288322
5.16595054720513
4.64816630530361
2.82573451139243
-0.242643583891853
0.991473271432226
0.900387574956801
0.251498337844032
0.486022311601737
6.98970732294725
3.4476844995679
4.88392637850099
-0.156900700654532
-1.32347053503855
5.16771255978115
1.76014330657792
0.256581620699184
0.732331657301033
1.92009801976133
-4.98404157986397
3.14136499622476
0.399339286524268
3.09207231254722
1.7570135380018
-3.59710873764846
5.12333125965652
5.60162728162256
1.82921085777809
-1.05755292139463
4.20639796198937
0.336281426804347
-0.392925096311691
8.44994966088049
2.59805473541673
2.89785101865917
2.3080402454852
1.71143797116163
-1.1890234166552
1.11606073411802
0.292543877130188
1.45592025978726
3.25342528769678
-1.480405851553
2.87585426826769
2.51932079484079
3.46666496738808
5.20334116434239
3.6134260121672
2.86475940726632
2.72206426821612
2.08518978449506
1.93902805344625
4.63877375771245
-0.216898620778724
1.2092711245673
4.07948783654434
2.56397800279302
2.02402613448994
1.53610999843238
2.9240423257698
0.528282037798824
3.34860008536057
2.32301115644908
2.26613431692137
1.11212289538208
1.35102923147834
2.41346276763678
0.49611479447005
2.95207745584558
1.56125641730498
3.3895271733265
-2.31507349020996
6.18750646355043
4.95333586557962
1.7738075878657
-0.27063834948936
3.05132381310929
3.02403473706668
3.6834945277861
5.54247935771879
1.23134025329137
3.90142167273654
3.84085569588063
-1.0977699258005
0.658646495597459
2.41720553527974
4.82451358370751
-0.476661692202882
3.14760543941853
1.63639862674173
2.53173992356925
6.34909919824826
3.63049377927434
3.0062094434999
3.5723852414795
2.4687728729948
2.70430870519721
3.47831076016152
2.82960775183832
1.23127940022259
4.35510539427151
0.0963413190905492
2.92438399396866
4.31395029717949
2.52355069375512
4.72593202448896
-2.14081121138012
-0.0569486779875419
3.69513421110424
2.96070886097284
3.75269695059761
6.33439887492341
1.36451646224008
2.3755296469874
3.67135986272956
2.42493079877136
3.25518909522357
0.388474249100074
-0.142020289646296
0.602294757299071
2.69732493619432
4.9051154535241
7.04778498798759
4.21795633477825
5.87531375126231
0.799213872322423
2.57879576163113
2.69025189329111
0.994207366601777
5.63792141040721
2.98271673997425
1.81631133448424
6.99542065213611
1.32125054639251
2.47524689053601
1.47382274796926
0.057172161878621
-3.33332708184907
5.10175634832563
4.2066633611986
4.14844285193519
2.45907349476572
2.37613770153516
9.0222029080999
-0.595339385418077
-0.00264903666656546
2.71690134672762
0.587861403223048
-0.0126806520444123
2.70395519866921
3.00627997341936
4.03659160031352
3.23852470797563
2.52909926771604
1.87997627665061
6.12054923970606
6.72725680176639
2.04832821575469
1.38960870210359
1.44760491814369
2.08000661290263
1.57860332819789
3.07555763381567
2.11317322693215
1.99217572319824
4.05466922295949
6.26722341911532
2.63169838723368
-0.290005874401554
3.50761839688016
2.20088408266242
-0.75851593783777
2.04501628084349
3.57225086151812
-0.747988173256037
4.37770286210764
2.29442224437475
4.09499437956261
4.56759474236492
1.33952875821774
2.06944136218846
5.35831974579484
0.681783178270252
2.16197656426692
-1.2764806869062
1.19986009902751
5.05651455633609
4.33656511498916
3.96567113862579
3.05952790767262
3.32951863079511
6.60584467628731
5.12917937141233
2.59126497142682
0.475444862157159
2.66074733900896
3.91333482695492
-0.917022316021158
4.4626156866942
2.98010130140265
-1.1421834335983
4.43832122684527
0.757912669542274
0.743520874487021
2.63682985431534
-4.25288217426573
1.03716592600792
5.04869697606359
0.932106785520431
4.41032698792331
2.56840531710593
2.86218180769831
0.692712023165515
4.30046697323095
2.11613788454939
-0.420492334790919
0.795146115689443
0.781282930872345
2.49785362717936
1.79926880488133
1.01777145702915
-1.35740277686964
2.65453616415263
1.6833820739396
-0.409485761707912
6.99279384032417
1.77466894896197
3.98566096001436
5.86777218936738
2.90475740094881
-0.55138507117756
3.47357415855807
-0.435866023101974
5.49214369674063
1.62984125461232
4.8701712717178
5.31071408464775
-3.15234366728102
6.76383955562166
3.1571102821279
-0.45260269217639
3.55929701713877
3.19619667594325
6.41117093295468
1.98949591348274
-1.04077213484046
2.96173293969631
4.61755568914547
2.50986183482425
3.25227484384983
4.7263132535496
2.12390406957553
2.32500682741948
4.66500260538943
1.13935607321369
3.09922530108907
2.02850325965848
3.65242910525784
-0.867614791075435
1.32979279939961
0.161853772394338
0.794839200456816
-3.4038825058876
3.57607978994039
4.91030177031817
6.18840742433063
0.0600590229374107
5.06977911750762
5.90719165886323
5.07394438969514
3.05898108927026
-3.10855732799029
3.24615178293568
1.24857820905511
1.83827333186382
0.155874371490931
3.04507965492798
4.26347067954259
4.38580685414074
5.05688986815414
1.17725115691715
3.10028448403552
-0.701449989442728
4.40322310999777
3.30777676356076
-0.340369798105158
-4.58998051181315
0.500913762871215
5.64029865610589
4.64388879877564
5.58039210440556
5.32701484588533
2.7047849696704
3.71775420544165
0.195403128061306
0.981517662053664
2.55575289265158
1.34903408096641
-1.17552302336339
2.13045794667792
6.41451369541295
-1.53936603904837
5.15226329189814
2.1405296832386
2.89444009866833
4.78674145070109
3.59676722702326
0.0490748683375188
2.15862287748296
2.2732255232571
3.93646878240111
1.10129696757633
4.55607812034445
-0.412602331928639
2.50165940579714
1.37464218797552
5.18365468010045
3.56312503383789
2.89298204236332
-0.516666157119308
2.08802901235753
1.76852346459222
3.59643477328754
5.60675519182882
2.37614156869279
2.20892217747303
-0.0215231464988284
2.32840179908572
5.67577525535179
0.991926112208596
2.82165482957985
3.39217673810258
0.811308568440201
3.50168174074718
0.924719004936355
1.29276218020921
1.54912214434347
1.48836465681188
1.2528610088105
5.51858846479024
4.77891840856771
2.61946758355236
4.84233333273744
5.57071786623685
6.2345004115743
2.34956968964615
2.07796729598142
5.19495698251922
6.23964361227867
3.63299051651325
1.38457820385275
4.50277710314928
3.69108213437815
1.51244926861738
-0.408763600376768
4.84142114927686
6.27058521860374
4.75084802554472
4.1752445289294
4.71314063834481
5.75946780844865
3.90234086768889
0.518107873034148
-1.25133494242735
2.69829510577621
2.58283298117805
5.22741541398223
3.47859667114451
5.4797545374313
4.13712968433493
3.12922473566256
3.29223753457648
6.04652239488982
-0.602820681194637
0.152919187734863
2.45238432215782
1.60001516521299
3.76016023830689
2.9561044056285
3.4135288832896
7.21185814220465
3.72954977084541
3.01476699322873
-1.21056863915435
4.24494736413312
3.16703335089036
2.66672764390451
3.46006476254447
3.16130914002951
3.35859826743993
5.3337048898925
0.194808114679422
6.0880979497182
1.15831850567841
-1.82355167086533
1.46932058027385
2.20055797991942
-1.2902154407571
2.30716056346237
1.4747290552589
7.84008479602379
0.115142468510226
3.08799513903012
6.24208967988226
4.97669532716229
2.25822226035942
0.175264735104335
2.41655241749545
1.48380893697755
-2.43993746112265
3.71443224652715
-3.79366777597902
2.11593321328079
3.69546929603219
4.07001830959426
6.87755800517885
-0.192689109937739
2.15346608618981
6.56171265032349
5.78386469267407
2.54253904494031
2.21609840530024
1.33611832297878
4.17546529693542
4.28221937504606
4.14136769525515
5.87107183456376
5.23690831924812
1.68734277478854
6.78177487540404
4.3646752128888
5.97483340761177
0.892083250447852
2.40428085226546
3.8015951907274
2.85821333234875
2.02580015263262
-2.34563418494524
2.49788732275434
4.70438443864374
3.29517872622413
0.310111436826269
5.60097155790641
3.67949250455905
4.26308548784908
-0.192086385788627
7.38914222648031
5.19441749565318
1.69816373635682
3.03672050513649
0.618682672442669
0.586049580061229
1.80224645900623
4.32950951880723
-0.389571556551641
0.915537180551988
5.92014424266846
0.764295212525665
3.16434264887348
0.0270479748023376
1.57770549122343
4.59769614609747
0.832263774395337
3.60207948697166
5.55074773392694
2.17034280490789
-0.218565982852487
4.3996762939213
6.08483939142
4.73062955200023
0.39212049215178
0.759348452372232
2.26408036394598
-0.549969976802085
1.22400234528938
2.92622582422892
-0.26479530055039
-0.708775769630959
2.74582082781175
0.221884323676258
4.07488708906685
-0.837621501297286
1.06080527326053
3.28380175389294
0.204458445393161
3.1308818841451
0.558457083669474
0.569930692635871
4.24601135308996
3.98256331849875
4.37978319988824
2.9303466605904
-0.378612567293797
3.05303730933025
-2.53558727000245
0.864609734428496
3.94475408093658
-1.62404488302405
4.45135038877538
3.47350398765531
5.04992723344356
5.46521971146949
7.70917089254699
4.00747710337149
1.35304040571771
4.65322174660573
5.91726240969239
5.68704122369752
4.6026953285159
-0.382872159730649
2.27223298912407
5.39418569429952
4.34638447847007
2.00419685466774
1.71662403662818
2.11505176550913
4.70777820497501
1.59852436289265
-0.187572955848346
4.32367608852149
2.57151951879692
0.51885612723094
1.08626644065078
2.98929419750385
3.07237716757174
3.486679248773
-0.493465562063505
3.86847967401836
2.59605037784208
1.88681584406615
2.87765622769321
1.30095137336693
2.40588239545318
4.7846591684372
1.44069489697772
6.99765590053711
0.295480617594643
2.96247301941722
4.76487598512438
3.10584554050816
3.35141994779565
2.61963689779303
1.95116487828788
2.3553678713702
7.3305574971887
2.15208479521892
3.26634747255324
3.19041816538108
0.779601382414747
2.46297303672553
2.47879932269066
1.77841277931003
3.76253304775056
3.31286735419861
2.19338799641785
0.621334458694182
2.89293220699546
7.62958701354858
3.16563138558903
-1.71162708332757
4.72629030342517
4.70881190548996
1.52024386811001
1.48729125089994
3.06188315140869
2.05532550607759
1.8006358915045
3.38113856989721
-0.176780574305752
4.78562785410806
2.13570050364888
3.65148515009454
3.53588205179016
3.14873541615159
2.85796266191507
1.16361084801187
1.3212828403146
-1.42942069973096
3.98263827957328
5.22541022941467
3.16988164309547
1.80157310359378
2.32195145850162
5.95665630127139
1.62902638123804
2.82977911669918
-1.07112149514107
2.14282437615517
2.35985331298669
2.68645658098673
0.0718539716843813
1.71332082914097
4.36970848088748
3.98484048677518
0.958703160178998
-1.31714389282361
-0.0964131953165145
-0.246613106904436
4.97238079237447
2.77660144337348
2.90354706030842
0.684552569462305
0.206617153008524
4.03787466615168
1.04243073499043
4.50795962004728
3.41260420601003
1.98485539766527
2.62422691988736
6.33290480882163
0.703773913704666
5.86569663605462
3.14068240905961
0.521526920143295
2.6670283840146
0.0646454081914675
-0.386832131921038
1.77157880409079
1.7599057635909
3.31167049921782
1.03965585056696
5.0321582775216
2.53872195400072
1.16929586081132
10.3418565300707
1.0608305255803
2.82934353113464
0.46815174947089
2.38434481046786
3.76299725674357
8.05563223831427
0.311002354669931
0.665734655133086
2.17214272650034
4.99363464835747
1.62428132068471
4.61831021291205
6.04803369096322
4.3724924295569
5.0746097549397
2.85402288961131
0.986992600961859
2.48096238470299
4.16762992938719
5.1554347697575
2.16278236067476
3.16284599106978
5.67769181140589
3.45330957169564
2.71908185029561
3.85218354815926
-0.732650526819336
1.48335443649454
2.73686145780989
5.15177306260074
2.2367224752898
3.96202083136507
-0.337918311887108
3.38385271771741
2.25989705291477
0.256726200353112
4.14430840607268
5.76912407344006
4.42034415855834
2.71811982787708
2.29125894973573
2.23758122474278
2.46462936048358
-1.17911504406815
4.52275046941141
4.29649620564189
0.578689994195565
2.59278052736966
2.75262713379871
6.38606758603301
-1.48783193162576
4.63057042874692
4.36773252601963
3.31896204378702
4.94816519233082
0.976175378170928
1.72700820858024
3.82242222142907
4.49973056675125
-0.788373087372945
7.37833951222752
1.85975335474606
0.584928099104776
3.17565536187463
0.771736340900365
0.967176774528355
-2.55036379022605
-1.32687573049483
7.49630485468038
3.06901865546741
5.38979129292215
0.510324341584921
3.38470754602808
5.41996256669434
1.10172111381484
2.81805313609726
3.79271232941854
3.09224196736723
2.64156227718402
5.32506750581577
2.26187495609738
1.43124610633417
-0.285433747856247
1.88424549565505
2.44323760771386
4.57602172856023
3.5383852216746
7.88964724446441
0.85778662589341
1.26049242625979
1.4405164374543
0.440558963412869
1.16767341907438
3.17522991600635
-1.61708072900219
2.79110160012346
-0.872106437261166
4.44385940740594
2.71773614639027
3.96939901473547
3.28788062005176
3.7969468768433
2.03447681264069
0.0414031245325137
1.3459627490412
4.56647654692135
3.50281643528991
-0.460806713151292
1.95813857243316
0.0729861577480176
2.71241661744768
3.88662925909064
4.05462095031279
3.22529430131521
3.30123933726153
5.49748921834064
2.82132128133549
1.10937158128506
-1.79405374200474
-1.31427792476945
2.52369609987796
-0.419611974286297
-1.23256387391816
1.46125702281756
2.51455151850061
2.08976662927765
1.64498133709361
0.929375023431475
-0.464937800476155
3.8878376684551
2.67058381092684
3.5039704475165
1.24501256662475
5.53325395230854
4.37198722457237
-0.578307025119049
-1.27596910169778
5.43701961209174
4.18660413235198
2.04083733287022
4.86338205083537
2.31980000392136
1.8533973792167
5.40412263660246
2.69513299324939
3.23178707759211
0.122763142550303
1.64377843365137
3.71016380928417
2.63319958326411
2.20432590249133
1.72036031212415
2.96143938650508
1.81491270608083
-1.98655855872424
2.29625445179112
-0.553297609493294
2.44325157260878
3.21315116847102
5.74699205663078
2.36102050502152
-1.54599465545332
-0.263653270536554
4.43964404183843
3.17810760672228
5.2838869330428
3.33017592995236
4.29650255136161
3.87825120221992
1.46666959507305
2.63554301369924
-1.55723850420454
3.87093365202869
-0.541496508589848
-0.210956784741003
0.262300392519552
8.05946637904814
6.29159392736277
1.53188912264271
1.6451258500172
1.66910457827902
2.10127038274246
2.58472425086487
1.23779186410182
3.66723755441056
0.0126491951484615
-0.507289037142176
-0.482711699705334
-0.835121621820803
4.15372865506423
-2.54100845412751
2.87730928180608
3.13552544396884
3.90134500668282
6.98753060731652
3.42760766654466
0.746937176789882
6.23392330515909
5.81677137731042
-1.00866887495869
2.25799816573365
3.97552122732992
1.40108766354128
4.2600652088844
0.625477615943816
3.60364960738339
1.52355512158999
2.4862377561073
-2.93056488826111
6.51768396450959
3.69860655650517
6.73057245872512
2.79886254644711
1.3257444713339
1.48227432029144
1.5776208987833
1.36379875256374
6.30702911006793
2.77944205926281
1.24696389037655
3.2162841660843
3.01614130918084
7.32239385490503
-0.924447822972212
2.20814002612374
0.202512255641274
5.02815309904384
0.041050832683485
2.51176255143983
1.42675062769015
4.77902272759248
1.56774893149391
0.845025199579423
2.16562869569285
2.67349769340465
1.07581476438206
3.47059381282172
-0.120551637926989
5.78446926674718
-0.631109171223794
5.40421910563407
1.81949248317512
2.15204256444036
-0.752468713295272
1.26977250938191
0.897830350142283
2.51450880192914
3.62584543333663
1.57719297734
2.18276396994141
-0.0689030724670657
0.0567369055116341
2.29261149788043
2.32846152655894
1.97427169841651
3.29433926604684
7.37032891506185
5.86095609925637
0.336698239594678
7.03457235886749
2.6968894938506
1.19638044945701
1.30194693362653
3.73819076433006
3.38046152412576
2.54577888632683
4.74954039535021
1.6785258502595
1.53259110360179
3.95265233466596
3.28790392052925
4.00635249539014
1.01926660155079
0.503527071539985
0.0542122938260214
-1.53053762035413
-2.31484496640425
1.11342988939456
0.911892694769797
6.43242384032445
3.53106387608094
-1.56531950554383
4.01481300268026
0.712527021412293
4.2807608486974
0.109112943564632
2.15043871693049
-0.728219492977637
2.9628759239849
3.45230450588319
0.989822352765981
4.44243862622514
3.39463949099479
5.54310592428262
0.320888539204138
0.686844135695358
3.97190746581744
3.55822513255858
2.64441054620451
0.130185249901106
-1.21118716993537
0.368937315601661
1.69240097085786
3.91296954423307
4.22195740869883
3.2778831431528
0.0778227881607347
2.55396487220911
3.674028323743
1.04753487511923
0.908106630907732
3.0204661120871
1.70421625135244
1.22986715071962
0.584871548812192
5.00545349427015
3.12692544739996
1.6893100247734
2.55054821795956
4.11395886937783
5.31888081407407
1.98470153585301
-0.820243426508154
1.42963097410452
6.76637222835335
0.823455176905233
0.459394570035173
1.0470253567418
0.118332929502018
6.56483122200754
2.43044439027017
1.24994751135528
5.37836030957289
4.76598621868367
5.11998669319795
3.42964308577621
1.33852272314874
5.16735483041873
-1.91354665252373
1.92692382793092
2.05942473841211
0.630106433990694
3.23244983370423
2.39194954826935
2.54327833779156
3.16194535665159
0.501405414114867
2.49785391792353
2.18808015888395
2.55231189438432
2.67776898638348
3.49497516738965
4.92685053350866
-0.371995380435415
1.12451745335106
-1.20713461649083
2.90087355999745
3.71074355304396
3.04111933816308
1.72848799849177
1.69075053958295
0.265384628551618
5.11984278559057
2.96784074917589
2.20212748183102
1.4444286520019
4.83940610701886
3.80288158315396
3.53214187292337
-0.216681075244471
4.33087818866943
2.36215331724948
1.42620205995307
3.70664757662374
0.374599170349601
1.90026497499766
6.88552056381575
-3.43230735248979
2.60324269886945
1.16897305153018
2.44473432251634
0.849929186757625
4.7055717142728
1.13944073985289
2.45946624669089
2.61971563265949
3.46126056795685
3.8173150972375
2.54685388280798
4.57505060413962
5.24522193621423
5.24752496362663
3.00801440651655
2.76369045738706
4.12190032254816
-1.20729639971034
4.01788837226197
2.12869488630748
2.12378846137306
5.00019137404808
-0.564512161749781
-0.817711393765346
-1.38097003933519
5.29445084446378
3.73983490281883
1.98524218457167
2.26654618922865
3.08012964858514
0.733120811353385
1.09613282583091
4.07839729927178
3.5624746689181
-1.95515680169381
7.01601356741232
2.80168558257114
0.146502412135544
-1.37495880163185
3.19308493607428
2.41837806134934
1.86746944658842
7.35280981715596
5.00744265535391
2.62296129861137
1.09523137263109
1.50734674358248
2.59262106447913
1.26448841272038
3.23143972882517
-4.44678561727248
1.67370415102913
3.56105800311193
2.26166870332272
5.33775514022566
2.71180614831381
2.47617526134091
0.071519422468659
2.62982843119465
1.13489895230698
2.80807143162593
2.35635343739292
4.24743611784391
1.62780193724736
2.63057575174712
5.6242898734235
3.61996392937379
0.158088678700694
5.00119582811391
4.2562441152915
4.39345399561445
5.56722939948185
4.15144333423829
0.954062442799467
8.34770618440416
-2.43315014836814
2.43119305477297
-0.226596496018954
-0.43971607102001
4.21600092077302
2.75056980161144
4.23191986598331
3.06069328018754
2.45050107372445
1.77195377515127
1.25438762375017
6.14125092520404
1.54385468716323
5.40206160862971
-0.101478710861366
2.36516440206048
4.60240407170677
2.24658428763661
2.88493401908933
0.718802252881397
-1.82167401543351
2.66857320588733
-1.33018688237164
1.23109343161881
-0.543122331692496
1.05517905485374
-0.571197170065072
-0.703226840244158
-0.489835229544868
6.08371559013686
1.23659140485408
0.534518140558582
1.26936188466059
4.35832814397466
0.88448320217036
1.99276147277072
5.15604864376407
1.67801419500543
-0.113920559790068
8.55648741350648
2.67624886605978
-1.50808051737045
4.85720263692695
5.08370471242897
2.70152028302215
4.17953078582739
3.64246803443758
-1.4848841401361
-2.06241097711028
2.00124317524831
0.482893749291934
2.22862767635335
0.336675315139878
2.66566739183919
-0.0221643969714812
1.06337133960567
1.93945592464342
2.03422514768037
3.67965826010113
2.13277954120759
-2.41517965516867
6.45822673494012
4.25726868985008
1.48469732545535
4.14799027398713
2.7479105223387
0.475460567850559
1.22971762948681
0.851355096357189
4.90315133698834
3.31193396364495
-1.00171536686763
0.540630996723423
-0.155014776075925
-3.2847797407326
2.0460005624672
4.58646187827289
2.67349165011314
3.47780335905566
6.2487645935189
-0.459926385833051
-0.630527840522113
1.28075390059252
0.331000882178206
5.30996979629316
1.61353039085959
6.21580591868987
-2.57499201348825
0.0569088858155434
2.14716505062084
4.04102033682806
2.86619509863091
0.525052585021867
2.37674331829054
0.977735468803046
-0.680523015073708
1.85581198505113
0.549742739315291
1.94026964618699
4.0198720755439
4.48128299634674
6.3441385638103
1.39967741900429
1.44146485465088
3.31624837812513
-0.9945980000926
3.09085181791246
3.90004545564912
3.23299208842694
2.98392106250913
4.17420878469776
2.99345119813713
-0.712974233985654
1.45521346030158
3.70513122445024
4.40486585433171
4.46708934049378
1.96904880766441
1.80980962957635
1.81553528150093
-1.53896340875354
2.45160600625005
1.37228743858568
6.96901714637527
1.44546173861185
3.09709889726257
1.69106782425136
-2.82859943595332
2.18072142976203
-5.40834986634087
3.04960418018538
2.32335184686628
5.65915584955426
-2.88483473764848
5.78492126995765
1.81241702273819
0.751088110476448
3.16922891063558
-1.39778158431245
3.70707324141081
1.56978212325228
-1.96101416903014
2.37021649897488
0.884050735730768
2.01748928969322
3.74462660125187
6.05271368689603
0.97343241801294
2.81694465377791
0.518964989632333
4.20524731565196
4.53932529008131
4.425773606958
2.24958146336034
1.324285903742
1.3463350105088
-1.75534569302519
-0.477640284867628
1.00763924291217
4.30150184043243
5.26549043715799
2.87687717404486
-1.36997903674475
1.81178672623382
2.67329174281785
1.9237385818701
1.73395973407581
0.395524278665587
3.76769894114961
5.93524190058687
2.21787443764641
4.43564321477412
-0.114555236593014
-1.13687827001755
-0.72019637986379
-0.676770736211905
2.23428965945642
1.43316182602323
2.4444621490633
0.852359125079324
2.4804339214076
1.95668129922996
4.33295498864774
5.06781510476985
5.30057104761448
3.16484881827525
5.9803520322435
2.2181297333366
-2.91875075844448
5.71201873829345
2.05963113651489
-0.6005524804957
2.89089540333864
-0.313232509089148
2.28719687361877
3.89445680300951
1.06059215977429
2.66769609016647
0.740305561753784
2.73967628211401
3.76760049611409
7.68563085474256
1.78718957761367
1.63720671722
1.00330354212574
2.56203752187146
-0.103927565182959
2.74954703755966
8.33325461598938
2.29720071418752
3.97743624843187
2.66972995048106
1.75710476476616
-2.06803841152198
4.22150853712657
4.5707589837143
4.24658551594542
7.72520504111019
4.1513942315839
7.86885231516262
4.59585377882388
2.68277393582993
2.63987241767108
0.72307268377222
2.15498172411079
3.47691283490641
2.61629678020958
-2.73857207230542
4.42289873552768
1.28914703765392
3.29875417438493
5.10263588166283
-1.62192442038164
5.12993439066948
6.00266666005675
1.14709942605325
-1.28760394892786
1.59617755555973
3.66279729130337
0.685613457732168
2.484380472414
0.945353819635682
1.18734642161861
1.35147713241717
1.11008245717527
2.06620528753868
-1.12451140030309
0.061357075556534
1.97136818587724
2.43426393317469
4.21085115159812
1.21606367948337
0.675439709275471
3.8326893061984
3.14492465520317
3.23735890846649
2.04040841072547
3.270075888877
3.9054302018856
2.45595865380838
2.10527765902509
5.0074171427727
6.66591015166919
-0.802351754806048
0.417205919207817
1.56180058415458
1.24350711319947
3.88941733720496
2.49572038985622
0.396456827096631
4.30761047423887
0.481897078719192
2.52961638306512
2.76139829069304
0.109794293418491
3.05759052200851
2.74654924438509
1.76520505622424
3.18803786435697
-0.625930951374039
3.30148158228796
1.6570017028919
2.20632887372005
0.492734027481747
2.06607441204707
-0.61833224185836
-0.013825109143325
4.61436889759875
0.110965987211198
-1.2925109946974
2.08009458382443
-1.21559725361734
1.24610353223834
3.85222030611558
4.7760460947435
4.03819237226231
-0.909661092089721
-0.518316848963349
4.52092139152319
6.09747307630717
2.52753884606224
0.305047014020183
-0.460202462618371
1.44519878831121
3.6064531979286
3.42241668302612
4.41900153187325
1.19011066134431
0.151019704842042
2.4422717037798
0.327992062091403
3.3594263294922
2.44346338358195
0.477758833746039
5.50077248694299
-0.7390053859964
1.06454209385273
4.20666442239004
3.29726825811811
1.73759976008294
6.96293626145584
0.195046329660478
-2.1379464678735
3.68061740191895
5.57059477480725
1.71201827127812
4.46579664134104
5.86725738403247
1.51981040031217
0.437962673958148
4.00396865342416
-2.06026529695374
4.08788176507419
3.07150356415942
5.6311964780967
2.70039437066078
4.10913536607902
-0.138625404496481
3.06623448326141
1.73550011962024
-0.318292648145675
3.98698837259252
1.71962495320087
2.93050800274475
2.7732476752298
2.61409861686215
2.961977252816
2.85759084506309
-0.135667458906553
2.19175621342819
3.4665520349522
0.662748495193777
1.30050172576434
1.72067620556829
5.80184009962828
0.617544672849068
4.33872813011878
2.94706223599406
3.28429376310198
0.347022428760852
4.38856084258429
2.93421102398413
-0.895482979509378
3.24157669959389
1.6718375806305
0.418003110528126
1.84370332985733
3.85953586001378
-0.501945790018715
1.49746852277659
6.26998359792602
0.829150562181645
0.666716384482225
1.45831546919252
4.8898713705014
0.739443288557867
2.75719349574934
2.78122451279245
2.20859574014147
3.49663543373182
0.878997407197045
3.30912414250281
3.78887559145555
2.40693194642629
0.713243226357367
6.45826161940702
5.02620114430029
3.84430439034818
4.60585014493912
-1.3156938372984
1.80919116720053
4.57706421104058
6.97408818831941
1.99931572659724
3.62347697368692
2.90646773838527
1.30986970354833
3.39694739313701
5.42194602391223
0.376694454954707
5.53246978054032
3.17995463261505
2.81586503246258
-0.0810885879639185
4.42503564333001
2.87745497929803
3.84499242185532
3.17026288067576
5.29583069886608
5.1760915223553
4.52097214332856
4.21999027651728
1.96145082254908
2.31495723292501
3.53882053211633
2.08605330605711
3.11851960605235
-1.6919509728868
-0.201618083838032
3.77630962619702
3.49821482716274
0.986990819808061
-0.37477168438117
3.43923325659894
4.5207091121322
4.41818804820134
2.10853988826702
9.41517874388331
-0.0501386760633409
2.84286310172961
-0.679179103445769
3.62274389772362
2.52384354383565
6.53353526035764
2.62685986313918
4.44083953068243
0.0438828682126986
3.17006846561434
4.19050157072046
8.01421263623673
7.15721375426516
-1.04406908628693
1.8295285856954
0.945354980231234
3.3419647210043
0.012531258443212
0.0627937439748212
1.32001042218693
5.00085455329999
3.23810056484808
5.47796253103401
2.43718800081086
-0.996549908708076
4.2984790730377
2.8031595632037
1.70768033361201
-2.31178505825278
2.50001863725701
4.7152364208921
4.00542137553777
4.11851558245197
4.78999487729318
1.95882961258267
2.66825914688172
-0.458173136127275
3.13147894582131
0.940969760641835
5.49974826203434
5.5641205889895
1.58294800977795
3.16270837249941
1.48077869973811
1.1584345146362
7.30370392802487
4.21184495071081
0.104974966122935
2.09706258180254
1.72132516001062
0.838262878320437
1.5920977255083
4.93542348602277
7.07072569381013
1.12437403463348
2.37116422906628
1.12519348000971
0.914050109893318
0.198031468093711
5.15481448713489
4.10085028841213
0.698602794456958
3.81146912807471
3.50630094112754
3.32141220566958
3.0514862965414
5.4885591162177
5.31449754905514
2.98071166847045
2.43604896573734
2.47900479699272
0.16837929065977
1.71367828148287
5.22121541696992
2.15736593233561
3.33436541749917
3.15158618674166
6.63105734270728
-0.552387480579743
3.4522190420271
1.2127573395837
3.96100242521195
1.5971292564364
7.02444745986234
-0.365654347097515
1.61151725121341
-2.26121278069998
2.47905455767345
1.50819348529463
4.83353979677941
4.66038251872664
0.491102829812443
2.39653986802031
5.15621512768592
0.980029059967358
0.287931122284692
1.19447433016807
1.82404063018318
2.2477166565727
-2.11902398830311
1.50552674274321
3.56935941690585
5.30480340025991
0.48059161025851
-2.17015513139891
2.38365615107894
1.59556466816957
6.17875499759772
5.36542705667184
3.78812530412945
1.59455582846337
3.51188297389195
0.658141986946414
1.11901353100625
2.63839383206726
0.879424181387373
-0.890434748218021
4.05721185086029
2.85634697965467
4.01185290843838
-3.60437291441983
-0.339574056938001
2.24700200924554
2.51949994071912
-0.755569854153375
1.66744527511464
2.69124413578618
1.58580492434713
0.954236218386073
6.49233431773879
0.562792443220337
2.56129205121497
6.00987582866005
7.19278521026801
2.38575020766231
1.09460034669471
1.68289537630889
3.8242821920793
4.98576098907692
5.32301055732196
2.00476571422827
1.15684801050144
3.91481305014769
6.50522836499877
-2.14909881388356
2.23875328311888
0.123135970505731
2.27470956963356
-1.29060163799374
3.48898077968683
-0.0868048881008923
1.37527712957759
3.45065730114391
3.01589434275037
2.58173039039379
3.21484528106694
-2.27470682197638
6.20711379091867
3.28057982136674
5.60361328116716
4.57913673066861
1.46209009095231
1.54196902787872
-3.42053945349622
2.28617367382071
3.97527300359799
3.25464654679858
1.91679411900806
3.57340340781274
1.64599845931867
3.74391780048859
2.06907309805421
3.12647390945614
0.349487296057429
-2.36054649781517
-1.44270372507193
2.26675618969604
7.8446230166562
3.226555498962
2.54783251168124
1.16451133699834
4.18701776305993
1.74699150712634
1.22130221893843
3.73653298103388
4.01733202972982
-0.531376556956956
4.587997787054
3.43582953897234
3.81628722119677
2.99554526705733
2.17665351028507
1.78056783083415
6.47878500254945
2.36572943274229
-2.58225193282911
5.19414321981078
6.33360844895252
1.18908641866695
1.16159371357532
-0.574979158504529
1.53085285731617
5.24337271978434
2.37101492939769
4.05698552292635
2.99938678503936
2.83010905939066
0.138454491270473
5.24772162649206
3.50268644918276
0.0997415321782844
4.25912646385208
1.79834028102897
4.85229973131973
2.76254575088942
0.391783234021782
0.899096282419222
1.68212444608606
5.24102261143176
-0.64393866619032
5.4584882337722
6.02671378028863
2.47511499657571
3.51083724579936
4.3511059474285
5.61926191217416
-2.86009157691912
0.379579668391079
0.170423518550827
2.04779803327333
3.49436596688435
0.248682346473997
6.16702964179646
2.924005160967
-0.139574948708564
0.568729423076931
5.37781145256479
1.04532058081379
1.11470358578641
3.63005682400135
2.01075942930836
2.18442203110606
3.73401388459319
8.08035574256195
-1.155502572425
2.85773979786362
-1.50598135765891
4.59449645112155
4.16944103703918
0.262023505794856
5.74243759130713
7.23630587507414
0.577094591352855
6.60648046495209
3.43804579053031
-5.03193568524842
2.37093440910464
4.153337758098
2.66566355491939
5.41399754086029
2.68418693098226
3.92580774744728
4.45390884558983
1.06957125406222
1.71756373193208
5.09558999723929
2.08458032938374
2.54405665465627
-1.2374342688765
3.59080687448502
2.65267763850527
5.02245205691199
3.14632050147187
-0.060863842253648
0.442145798212633
2.61754311367894
2.80828423685964
3.13815530314429
4.55209937949589
1.90555990192085
1.15754591826976
5.60399221465519
1.22190139992506
2.33853464145072
1.41034153634106
4.40759270003184
6.04273896408954
4.55741475851891
3.44842605896725
0.554956477483511
1.39830645293155
5.09380601126727
-0.191871073530732
3.27405353152819
3.36550603307365
3.49401371892308
6.59294328544345
0.489817342602208
1.63124610056154
2.95537018927906
5.74648003156281
4.45032760495044
5.79435305164213
3.43389719891
2.58136880840843
5.64624605451805
5.13204312372256
3.10016852670749
4.24245708309021
-0.265949096395247
1.58537462669809
4.11277132947172
2.28493609053052
2.68473823345526
4.26783000849934
1.76670999345598
5.09445517144003
5.17450668791344
2.98724414241535
3.3654929488419
1.5237330210756
2.90180702195029
2.7077212175511
1.64423702655273
4.37922015744187
3.1200484498436
3.85033471808772
3.09684223704073
1.63512142977856
2.7526026597761
-0.611704011765032
5.07560410908996
3.27066991931923
0.490559179070932
5.23810557703238
3.15148616209676
-0.368733527752236
4.79985194577118
7.53230768463797
1.30615397625985
0.175962244959929
3.65984745588676
5.58248077907987
-1.27276351790279
4.56443168385343
2.38411419369027
4.51810886104541
4.49029070670328
-3.2345996320853
5.46801932945193
3.4557691545098
1.81172226737351
5.25497223557975
-0.15144251290986
1.77367249023888
5.38544707156128
2.1270368881908
1.71922766554516
5.39806682280818
1.18024175027711
1.28615276924171
2.64131630384478
1.45133777554354
3.14131916445639
2.11502141523415
-2.60700669013109
9.14835855852521
1.65835490018297
5.15522756336213
1.35448384079532
0.0119208049747476
-1.98159328905807
4.08163044039536
3.71938347652124
1.79817392252612
-1.07981136103631
1.75303130978577
1.78819214166901
8.22272234965554
5.27494977963851
4.87531116176987
2.65637568393353
2.88675490374667
1.02775916532635
3.82357170932144
-0.304922976061264
-0.0603679349438746
2.75927618468619
1.87364366615603
4.27070680779165
0.752524799384007
2.29446317421657
0.248887534237284
5.38122389735009
1.56593505768041
0.936926122307843
0.512109963123782
1.13929109109074
0.236979074595074
3.46633069012667
3.78000184185095
-1.34088554520905
7.96439167747894
0.0472882589734763
1.40544813040627
1.00778217827332
0.00321010911709757
3.24738432519186
-6.06400959091147e-05
2.75155520801784
0.272614362021893
-2.15238094880145
5.31275196353839
1.1736432540216
7.12281313918454
0.302220796611028
-1.22870886371772
5.37602083346103
1.42514576283901
4.38885369762742
3.01559304730694
0.966363503968443
1.8923084284194
2.19926867866904
4.31423767199493
-0.619262185769407
-1.06354388461029
4.45616267857535
0.950715316585068
2.60774605192108
1.94800061100785
-2.90100388666627
-1.25495229073874
0.954648514524585
6.33656719134851
1.53067775841334
1.46168152447497
1.80241045739176
1.92986002160466
3.33563279493963
4.81046710426196
7.02119706948213
2.42724431804695
4.85750447423173
1.2300055380983
-0.32540887538459
-1.67617720241719
3.32354776474699
3.37929291860874
6.26260686626851
4.52089694293468
3.17321076881857
3.29900736242661
5.98416614567496
1.93205665347023
2.55761438394288
4.8738724604189
3.9462802933907
2.11461021882019
6.55950910377344
5.55773081203302
1.16879179590547
2.92308458473364
4.98972052019232
3.74555226526113
-0.307124319872066
0.72975374043036
1.11084590712046
2.82123158418312
3.7759289951733
0.548666006118103
3.55070742966528
5.63478330353904
5.24496444130524
2.58620745312338
0.104296029738523
3.14083928239046
5.64522656240846
1.55025615610367
0.854026243092477
7.94325967987279
2.41774074694144
0.736460388011482
2.40733150368932
5.2200022855477
-2.04480518385057
-1.09107771672345
1.84538785865059
2.80067399462836
2.3774215817428
1.96438868852008
4.64747947041664
3.70525292635171
-2.48475621608884
4.4686289770878
3.44180139949998
-0.718162696193911
3.30808947043421
2.22836836483932
-0.335553638459439
6.13980109280531
3.60818908909406
2.36991508637466
3.49531869177749
0.415122399701412
-3.15214676538378
2.03824745970384
7.92862324813011
4.08597372477982
3.21235505588222
0.450107965448674
4.09348037022569
7.39981717844137
5.65671761919589
2.11906766130062
3.98930349763357
-2.46860161683688
3.70649651204722
-0.608122504669373
3.55263924680043
-1.85542003590426
2.52438966242089
3.2406219293623
3.52047923941852
4.72651215749695
0.3478682768185
3.01864646385806
6.21352873273354
2.72737767564414
1.57190629841577
6.09966133576307
2.83429080920383
1.55344557468819
1.57777345871875
4.3201259308738
5.08473410686283
2.17223943812693
1.87155234841827
2.59593287613964
1.86653224668008
-0.508444731222679
2.12251323504626
2.11585269799797
4.60838311878958
0.764293282689939
4.34237617693765
-2.02558343151639
3.47977190434282
0.0863943318294483
3.66996229156792
-0.641097042599148
-0.497037357684964
2.16064367512312
3.39859173886946
6.58058812345035
4.82728246038627
3.72119471142985
4.38161320038851
-1.14549884498681
3.11969908023623
6.49019004498393
2.9838526368215
4.52761017952443
-0.728064147974737
2.85969393757468
2.97176886666872
2.49454183012559
3.80314796492017
4.69945321375256
-0.186367497605559
4.22197592713423
4.4956036695366
2.46035207627434
6.57992599766866
3.70806592986682
9.31993632933306
2.48293821192924
-0.22887734610314
2.47279058370045
4.92828488943165
0.313334616751473
-2.46704070127803
0.525399978101721
7.88577409528606
3.46043774091944
5.12340598447325
2.12452118331838
1.73825629079868
2.99375261777616
2.89296875015332
1.30930460392584
-0.168662224270522
2.69181157235737
8.81541520994895
2.52575510207398
0.646677437985229
-2.92115749529519
-0.770175936407451
2.80290090280967
0.326763367757482
-1.29381002682737
5.1081078924367
0.43322108822985
3.63968894730465
0.237623647048014
-1.52372433242009
2.01620310658963
3.56873322608756
4.01283841269236
-0.488696923585139
6.3688787958407
2.43034151911193
1.1802652867069
2.01105039552675
4.21374680347924
2.74335867203341
4.80309176976129
1.29681643489106
1.09724796860097
1.24183517151823
1.43970292803145
1.07141265084094
2.98608347573038
3.33505269095268
0.944076992067719
-3.57341511747552
0.796656861339793
3.200883309162
3.25660882902667
0.375701868105091
0.930666793655291
2.20898759601629
0.839058051171299
1.02548351501698
1.82892186224711
4.03549562726642
1.00382980717362
3.51598399699765
4.43287948691348
1.30617375205426
2.49581693042075
2.43040362932319
2.12686978589811
3.43069241336855
0.749634685425462
2.8928456823135
0.496240647666322
-0.301031874368013
4.52323165654778
-0.482375352293468
0.884321861327772
2.80077438146306
1.1929339508978
0.626738033054147
4.95309217470986
2.34898699288043
8.27409558700512
0.929161154255161
-0.608838036049541
3.38734942039321
6.333770346729
3.3051273949971
-0.528026377841085
-0.617842339937864
2.44595001695931
2.08467101410351
3.75892632222669
4.92699824855264
0.347197152196129
2.65545909278099
6.09801880627279
0.914852041062446
3.16546036408439
2.70436918764654
1.67134472468479
5.4679135042973
0.948419052292869
3.57603738161895
3.58949957794898
2.7515244349959
4.91845515896885
1.68745628461676
1.06751883466778
3.54991254088363
5.29720586488028
2.00281729077908
1.07950212877318
1.02626256653594
0.490889004061135
7.04576568162766
2.53930864646708
3.15135114303508
5.03729457253138
-3.56577827657833
2.45120961011462
0.337000296209138
3.40673488454194
1.45327602361599
2.64233731289738
1.2086635806458
1.2556487496927
4.98421491795329
-0.533818742919791
1.67456104687708
4.01240057693696
5.00782685571691
1.85229718332793
7.21848688462616
1.76758260540593
2.06346313170289
3.85690963963778
0.884391755737641
3.27832802982103
2.7921729586633
3.67287560314227
4.13577732153483
4.29384500667285
5.57271657477564
1.41778026113346
-1.56617488376957
2.56385698408931
4.55389705340085
2.1303824776903
7.40707943775989
3.60638030112561
-0.0049853914689244
0.754355155776224
4.33638447175415
4.62039999041426
2.21917502701618
-0.492302772404293
2.26291147875979
6.20077972671178
0.113980807970396
2.48121549942997
1.95333434993711
-0.61941615996339
3.11573773433969
6.6642917645965
0.826750611456135
2.95569231691236
0.0589115075477116
2.13769659226852
2.60162450060668
5.13752125562073
1.0235538755303
2.19611617874863
0.836861426926573
0.339648696054009
4.87050624217362
1.60264244041314
1.52199475981561
5.16458051223462
2.58741590401525
4.33444005460532
-0.521769425988222
6.30526865660956
0.620838379916192
0.240026637600638
3.11537375659085
1.35827727995197
0.281183187849357
0.130690939948147
2.60712467414495
3.98891085331768
2.09327618470519
0.885339816990148
4.0572025094695
3.20105556056876
4.15410509052187
5.38783758931658
2.17683735260656
5.20008377552309
0.270141815573835
-0.273535660929365
2.18825094541116
3.20885495338298
2.89814550044558
-3.33091548799158
3.25963556649525
1.84892588995357
-3.59807535160825
1.26609617281911
6.35060252449746
-1.42213012227218
4.30422792455604
2.6310695447525
1.52248240040492
3.9723787772751
2.0508479568323
2.66722378742751
3.0050715044264
5.18771791783258
3.09757248197921
4.15088977869026
1.53592101005282
0.619049726834617
1.65282284621244
2.87853890067714
4.01454759561256
1.30502601324504
6.72701573707418
4.4045102165242
1.71145222613651
0.15926228884903
3.89024098307098
1.94685048828929
4.78895351916108
2.44737791581633
4.02035545720168
-0.833259636276677
1.45397811962597
4.45185027755296
5.61797589227934
-2.54925127638921
3.8190808983291
4.93774151261193
8.85280041816245
1.69036858693868
0.301422170429271
1.9927692085743
0.987360610643324
-0.252787526754487
2.51898999956844
0.820797302919362
2.84071534642461
4.12125262539113
2.11811465823524
1.246446779757
4.78579536121958
5.25085894280314
4.1129348794045
1.14249055119395
-0.0850371616941191
3.3274210900909
-0.475449590606177
1.69926677163516
3.23478874442205
-0.71079578718277
2.11684534767674
7.34947635029689
-0.847800717855682
1.6391968126025
1.5129881608312
1.36502958442818
3.88322335842539
4.57884817250781
2.13149960542346
5.92615811623411
-0.723242631102178
2.33343901651866
-0.450046232863659
0.33969752474158
-2.70531835414874
3.375559274983
4.53202491423056
3.97743589280743
1.75227413802908
3.89966557904167
5.26144601183642
-2.13964122723538
6.4944652215893
0.723826886945627
4.47067571052506
5.25625093941415
0.758636765419188
2.48868499019535
2.42586784230522
1.15799615126816
2.05683249427174
4.0696157909258
-0.322704509324209
1.96294039726122
4.06501631702581
3.2840921719582
4.61803638167142
7.87528536608011
4.77751672698023
-1.48812448130376
-0.696578034985789
3.58000339824476
4.24518517353293
1.98308120035448
0.908942305512065
3.91445653038736
-3.08581941006778
5.37956709864525
3.53207123474756
1.37244926251644
6.05401259718062
4.95736636807506
2.2481606310241
0.348413836392412
2.47761350055278
-0.523268268483328
4.00346330155441
2.33347658799444
2.24124365014138
3.34819517040391
1.53509751583658
0.581212221421613
0.346987033102781
2.37228695895817
2.54877791298421
0.911051410695313
1.4775204509371
3.26472860909239
6.92080133259264
3.72659818632949
5.25188183039447
3.99176049454821
7.1343081998583
4.37544460653321
0.383355178100242
0.201411344722128
2.95273944666983
0.400739514439351
3.2659679298956
0.835986067410957
3.49569536196831
3.97316466457736
8.71101787875773
2.2827896929647
3.06599592149283
7.57358393692388
-0.602955111668806
-0.008134333973633
3.00084715597137
1.00280091967322
-0.0535623866314487
0.550940715350283
1.2198553227104
5.2747594602247
4.40510352561402
5.85133151934075
5.5204461773067
3.08192545143564
3.03870081477219
4.20213651460483
4.62070877236044
4.72647107473844
2.59238125462742
3.65196212254645
2.99227772715379
3.55143878237829
2.66484674457396
5.75308560949073
1.43054993846699
1.17452617921241
-0.663641975733668
3.68759555998739
3.81457559219059
4.4909273417356
-0.269368292892875
2.09301932011137
5.73492249795874
2.01939901366221
-0.0762600176277839
0.404726472583806
0.0327133262737686
3.61081964621175
3.0670786819739
3.4838146782234
2.02672566659505
1.88168470651105
2.66920552305542
5.9409652255765
-0.0117214160210793
2.04244799089437
-0.199039071592537
1.02010988767134
4.99220373420654
1.55203371089519
2.76523514011214
0.926551947515913
3.45893306104267
2.76768109656442
3.71432122964085
8.55184851358647
1.26458016276759
3.95935750920708
2.28911679782353
1.06451352090244
3.89940733021424
3.39269859347882
2.24565357256639
4.26686698365963
2.05327944587597
2.4378926369536
-0.213330502087672
2.15099837993248
2.15647693636771
4.26949312866935
0.704622486560598
0.31586613598841
0.72235420988008
0.926961133554306
2.57411540227297
0.80539771408472
1.88560372738046
3.77970526433705
2.86376683869284
1.54862209700481
4.15906860609357
4.87816672803331
0.666790147078267
3.91144257264246
3.65305537659934
5.28894374681017
1.15807117588429
-1.63989345618696
1.93490984272436
-1.4400666890757
3.73535315137307
2.89706507451903
3.93877308975706
1.23736297174354
3.96067738974986
5.063601553457
-1.15947641081215
-1.25957971869777
-0.0691242827562637
4.13774202800182
2.65411728263093
6.04914527619313
2.21591499307867
-1.23892068366075
1.94698691345485
1.25324716632508
3.80511959078333
0.87599178631831
3.13802049457645
6.43973813264181
0.571410157323203
4.07538688292991
-0.937059313090342
4.96962051772569
1.50217395338095
3.32539179311471
3.05153884243748
0.446308360285522
4.13628172283552
5.51445569843765
4.49580372178158
3.44416600274225
1.9046149654751
4.67841809482462
2.58065217491263
3.37172249948785
1.15438088898144
2.55524977538688
-0.403637860882866
0.0861928853674763
9.04869873905702
4.0409621516837
-0.324000779906032
2.54879157989565
3.13289650678049
2.82703360965395
3.72845258340603
-0.151913959590139
0.373008228863229
0.26827875470821
0.552862171264968
0.405529499460047
2.32365535411253
3.08310931308823
3.23875472437781
7.58869485691167
4.64378695314436
1.78884446172906
3.47318212113199
4.28730082560079
3.37631261388695
3.89751197140034
0.35847872835774
-2.19324447548171
1.5188111644511
2.37325074139655
7.33743834235348
4.73109786979782
2.70396761365744
1.66237444885055
