-3.08695960857357 -1.93558469903725 -0.0687554598822899
0.814807409579394 1.78414770343781 0.957090855695457
-1.19245419717691 1.27666192505883 2.22810762088877
2.83055150415798 -0.926217372919415 2.84089859181661
2.89490853577848 -2.62250204147179 0.737175816426394
1.62274271510826 2.38432351578613 1.71777198854612
0.633577871199128 2.75271281257125 1.79423000389058
0.679079912180256 3.02594484345567 -0.741172614002853
2.41134688676143 -2.00185041511514 2.14996208634336
-2.33158707802802 0.897899830613673 2.56347363545267
0.822634194720937 -1.0074206817767 -0.830270264734287
-3.07102966557218 2.17935523348003 -0.260644181258831
1.05672070063321 -0.328264265719835 -0.864444520293753
-1.4937671486459 2.0145213344482 -2.24493805861683
0.233996824034041 -0.736831149154664 0.732375198470091
-2.48161437720512 0.752627586510651 1.54944439690232
-0.0154970050831249 2.62867279370263 2.34904858910679
2.66540891078112 2.85382455364643 1.88525239909205
1.40477843523358 0.909751737272022 3.03879946131813
-1.01123927935748 -1.23713566394527 -1.19278090720476
-2.8714239439872 1.58496045192605 1.8218640190578
-1.24395299361102 -1.24115771693614 -0.838326651978469
-2.6865027618742 2.18673720115014 -1.75348394808574
0.732955742243182 -1.89478804309619 1.24209893379523
1.30339964890135 -0.0893323802750792 -1.79036841153538
0.0609482502337206 -2.87680517106202 -1.37510340051552
-2.31949486237053 -1.01700893590448 1.75191837253265
-2.69966642530095 2.9511285586271 -1.2914200438641
1.24605490325373 1.66298960400923 0.161509974460509
2.18156963203572 0.880651168434359 2.92857462539919
0.701526282459686 -0.430351275654177 -1.64042273734815
-0.881217208895443 0.081355296067906 -1.50034595383018
0.563318957444757 0.240155793395525 -1.67870631790673
-2.45879031458617 0.0350182501774947 -0.997267096254112
0.0947034014419841 1.74496646301623 0.997568722996556
-2.43006007177008 -2.31430768568174 1.73914084690025
-1.01968707650959 1.5936235163083 -1.50932247181807
0.756456681677405 -2.93295818113979 0.446252740098877
0.805717800179923 -0.785641264772849 -1.73027518754082
-2.07876768334645 1.52853141685986 1.61707017139236
-0.546021251389611 -1.877872459712 -3.05392062977528
2.10740732481529 1.51873501709528 1.64473642184868
-2.31264281833895 -0.720410230634075 3.05441446038126
-0.529157572732862 1.17978185111401 -0.876253918595146
1.01241336510313 1.64856988392098 0.1130780865251
-1.93782368214648 -0.986932109778449 1.51760953214283
0.888057813990674 -2.87120680638646 1.47765393608322
1.4087939136783 2.4026274183805 1.65328270248175
-1.79854851157431 2.16528797739738 -1.13914824763813
-0.267377339730393 -0.333200896831221 0.620552480962501
1.11068127178933 0.679478954987556 2.24415537964814
2.6451775801456 1.13974755223205 0.675833532434023
-0.488622206049438 1.05653117853725 2.35929155198663
-2.86526968242645 -1.11529439675892 -0.126829077285258
3.12027315594374 -2.8965981318682 1.94055236630439
-2.97353340689207 0.195287222744878 1.59023144022935
2.73818566117032 2.52954314445574 0.282788892522564
-1.90796637269308 2.30761060333612 2.15896479170153
-2.07291546005919 0.124714283675619 0.572858044357127
-0.427299970874775 -1.75184777714193 -0.979888243823744
-2.99548612150294 -0.21934350170767 -0.684200188469656
-1.946528739703 -0.513825966523484 1.03144137753804
-1.63304886352792 -0.507411969540882 2.68491011049414
0.000159756675606193 0.305330148925383 0.71520369727275
2.82039707839728 1.00089947459471 1.89602938389539
-0.575030646145713 -2.91266769307605 -2.95582578850198
-0.0428637319027483 -2.24048797621091 2.40630250229879
2.29564329013833 -0.404291022001842 -0.0896525506227897
-1.42599347508709 3.11203508441782 2.87782353319964
-2.25533005384553 -2.8912759776071 -0.730814200267092
-1.57058650136303 -0.201071442153633 -2.19642409372483
1.56409000547219 1.96310584565042 -2.79357746972818
-1.30965165608026 2.80515017128482 2.03637069410693
0.312143368544356 -0.305053847644482 -2.48434658854477
0.212786026520367 -2.02126638677537 -3.06426402586957
2.88941961786415 2.5200128762345 -2.08101915900446
-1.13603727379 1.09990796572404 2.39349868633087
0.9266142343468 2.22485541316942 -0.468866278624143
-2.28672920802995 -0.267689494644173 1.535057445763
-1.92258144253781 2.16816256874769 2.76273677917072
-0.310451521140114 0.640150106319735 0.0341078828819912
-1.98153561397743 0.877504623978067 -1.0324292753256
1.80184881686002 -1.59615985220707 1.25783402081338
-0.021652051088568 -1.95745330806729 2.71203956367042
-1.52220356296244 -0.965959497170363 -1.48093917363533
-2.25854811299463 -2.46414729498041 -2.01459923094338
-1.38502079197654 -2.93692572521399 -2.99685683545667
-1.89287003960879 -1.47088216934526 -3.12400474034703
-2.39473375506975 -2.34553331687056 -2.43535117546752
2.30329491789487 -2.14118465937436 3.09080124689749
0.0219480427116894 2.82405956642995 -0.348995850400264
3.07043982393208 -0.658283490274514 1.46494884998222
-0.406425886270281 -3.05764266061561 -2.06114049589915
1.31668487586952 -2.99012483684456 -2.97401608297805
-0.329462987835454 2.12961849018327 3.10571975168128
0.441123443108526 -2.68402453135948 -2.26106901796563
-1.03556668217663 -1.02049190998261 -2.27766032002682
1.62890251669156 -2.70013474600567 2.4441920109879
0.880970086978207 -1.61410603907013 2.04562518473261
-1.63677773616288 2.6764744997424 -2.75999812962836
-1.35437315194311 2.9836486869116 -0.317130909658402
-2.40413990483133 -2.20177947743851 -1.88596621317546
-2.40707565673061 1.99324901291285 -1.08170625723255
-1.35871165532746 0.549625170999811 3.02680927574473
-1.61236415380527 1.18278147686785 -2.09705783295829
2.26631377596692 2.99601251644005 -0.795508902016839
-1.53163302921733 -1.88289927528598 1.6966677988201
1.17955978784295 1.12708624546886 -1.63848709753636
-2.01715070903506 -2.07349416661798 -2.1650151599585
0.293446356834174 2.69083552264278 0.876817105298369
2.93703497952311 -1.22516920737652 2.69996604927429
-0.860602076254727 0.237955654452376 -1.18596622213246
-0.607515687749053 -2.83598218183938 -0.277053023328541
-0.40035125620696 1.02295865633669 1.87800145219219
1.07091220397734 2.25745801769874 -2.11576773606634
-0.00963434862917367 -2.44527665588469 -2.55320120212025
-0.206564266015806 3.0662770616445 2.02582062571658
-2.77963781707546 -2.33745174295404 0.029538162463794
-3.00624069628639 1.39461708960099 -0.940678800377885
0.985151650015016 -2.51204469534502 0.311894263761074
-2.58086406355481 -2.16053479461856 2.05008738111578
2.9810780535913 0.216353616187218 1.92896727115607
1.51200212278727 -1.78916285695595 2.62584555513118
-0.953165480396696 1.09001003590222 -1.19674703277659
1.7209065089808 -1.76925641769017 0.137640694764825
-1.89756349943581 0.0427838862026264 -1.70101641329369
-0.921098014499975 -0.229357887064818 2.54524268417994
-0.0481240225269 0.364104841744592 -1.47080831977867
-1.57444061467741 0.445753696860425 -0.223178433535652
-2.59438974114496 2.37293793873571 -1.30409164157236
-0.186208518418432 1.78674372104833 1.42197814636316
-1.22224014832462 -2.85817059136115 2.66218778371359
3.10854546713154 1.09532635296731 0.699935045182603
-0.861117903125536 2.81056135781609 0.281496102002265
2.0814185436865 0.253239104132199 -1.65660426432994
3.00861348888551 1.16364697802639 1.18313411623689
-0.931673211808905 0.668150123187821 0.261005525889407
3.02058210202397 -0.801231391988386 -2.90382221369399
2.57895165595535 -0.529871927145285 -2.41539331640551
-2.95649798445655 2.63935143405905 -1.96409893587788
-0.853181877647655 2.84473428381318 -0.0145916391360252
0.49719093172617 -1.67453929606987 -1.56344957930103
2.13761792666033 -1.44978417511825 -1.92342555663739
-2.27432099075237 -0.208942103128837 1.72629774457836
-0.773965707358299 -0.916374835272155 -2.15474053682945
-0.998590404264426 2.40936183399972 0.938361001484909
0.797680836407678 0.704281385726217 -3.03322599657041
2.00910727560679 -0.310079633415166 -1.79580258695593
-1.51430329682529 -0.489682088213346 1.06783722817635
0.875426196377951 2.65195835166216 -1.94410995427922
2.23741204547053 -0.342984636857162 -0.0611070499380717
-0.462269125182818 2.34298872923042 -0.541227575704635
1.26194345464787 2.03973007531935 -3.08901846030183
2.91852470016011 -0.278193342128264 -1.25818796178881
2.58510517567882 -1.32742403972561 -1.09226875958761
0.689967437334669 -2.28850283612696 0.346601419378207
-0.209382101592822 0.622027046704828 1.54281684760418
0.0394833018383403 0.107486404732565 1.59973191103883
0.480331115115216 -0.28559274769745 -1.81559924993853
2.26105272804755 -0.27381129457187 3.07242622942083
0.192388849794679 1.3614682035734 -2.47179528984214
-2.23302250210354 -0.854475608693749 0.216846722166595
1.35354425140237 -2.18016409759392 -2.98839688873692
2.48173629309916 -0.0751754715163027 2.33062186319754
1.52318498708995 1.32156583185419 -2.37594058075431
0.452815366630365 -1.14181912698399 -2.25349096713432
-1.81651205525743 -1.62316066052319 0.828008718076635
-2.17229916358369 1.554945278016 -1.87942093483129
0.490273664751902 -1.03844311181828 1.40716247040926
2.92413861247519 1.69822950968921 -2.94785414179806
-1.44965441305183 -2.57471121911528 -1.10276880186035
-2.58429141021555 -1.11891632619105 0.691984363423522
1.5867617599543 0.457280298341537 2.20686666991561
1.09925565607976 -0.573051378249537 1.85897492926041
-1.07056274090586 -2.74339012551932 1.48870700915381
3.032505772322 1.23951409269492 -0.821039186172774
0.0798744650828129 -2.16665821047476 1.96989039098984
2.01177092614231 -1.02427792825637 0.430426983642843
0.173098437094879 -0.00126994253301627 3.08307430986897
0.704931718111054 -0.197726142528278 0.858763770544525
1.79202619487789 2.44806474275528 -0.0245616079388418
-2.75381304129602 -2.4839969532423 -3.11300627551293
-1.39529633779834 -1.28845417679814 -0.199482561983382
-0.546982261669104 -2.38611084617586 1.19264122736618
-0.368430420696911 2.39136360153426 -0.358675143300231
1.11574111974801 1.47859504525629 -1.94908824807795
2.48873494568892 -0.374170443607839 1.57356774142513
-0.354480481646441 0.923304925242467 1.22106354843704
0.834695668834983 -2.70370173604415 -0.935812675766998
-3.03188823350057 1.83490722662904 0.502401955430103
-1.7149143222675 -2.25523297094629 0.325697339296712
2.83584685569259 2.18417327492457 0.763795797317074
-0.260090303432566 -1.273084368325 -2.84832917405712
1.21731066402365 -0.518755696727172 -1.45826405296317
1.35812362243266 -2.2357493508963 -1.1800470408736
0.967955760168313 -3.10362775508231 1.36094070857877
2.391524842197 -0.320916866677524 -1.61261289981975
-2.03617477339317 1.67831404048221 -2.83727815627879
-0.610609886697416 0.901244723675221 -1.97293980170666
-2.80591817595866 -2.61502625705536 2.33325237221579
0.338124056488334 -2.67802836978036 -2.62836383977452
1.8391420709757 -1.66947854642543 -2.28246717808486
-0.0343166476694421 1.52306446695879 -1.79988407923905
2.3728639225546 1.20897095741342 2.67900469050404
-2.961379373837 1.57099428390039 1.4338112416498
1.22233140637084 2.13262780269885 3.11921719951907
0.827898289051717 -0.886556192036128 1.38214491888352
1.08053350164006 -0.761312218570648 -2.92666712944825
-0.846084016241989 -2.47621648526012 1.28633712029427
-1.99276753458796 2.96474456732889 1.33314796596277
0.893452221068312 2.02524928834293 -1.46830849386702
0.55663630991978 -1.3926042689974 0.951249735680883
2.16564186713388 1.69411995198059 0.179781094762119
-1.8142447172492 -2.11217362424008 1.99764115700963
-0.890618595732219 -2.18271272044452 -2.86512366207177
-2.85994230604132 1.79196459684516 1.84938620431059
-0.497110195038936 1.72536398157353 1.37457765024591
1.56970281677878 -0.136691444590514 -2.53270333138699
1.12074804194439 2.97637497388205 -0.353372490791335
-1.93422764178807 1.63589008943994 0.773443965648393
1.86290109113329 -0.451667511909328 -2.37012649849586
0.369666408803401 -3.06751165774871 0.154066702362535
1.59144095556821 -0.970628706132707 -1.91580118304558
2.89713252850374 1.49468818133552 -1.62856256555313
0.922255127031364 -3.01676065042355 -0.687681987629235
0.296120482572005 -1.15022504925685 1.36585264453916
-2.47062283021004 0.54613888149457 -0.512671560479391
0.742442130694586 2.68526404228154 -2.31639602299885
1.99265377593524 1.75042421317036 -1.93061977354965
2.97494135795482 -0.167375195319047 -0.963990588055226
1.06514214332541 0.377892397614858 -1.85856196515341
-1.44444073596868 0.642370403211741 2.10529236893583
-0.741824752073501 2.43174250315521 1.73120781265049
-0.392758496285377 -0.105441508250232 -1.90572970901872
-2.85646671799951 3.12314784033727 2.12095597918479
-1.28637894282439 -0.815175134662789 2.82550532973184
1.8458113713722 -2.25725706527433 1.07269673005058
-3.09774778148757 2.86689650256031 2.51240234733356
0.244170934030381 -2.86320678304339 -0.189542007823619
-3.1401444261668 -1.37459330323488 -1.40425388650516
-1.34441168476535 -2.46142035852126 2.77662388553012
0.952613865699609 -0.441823435080043 1.02461888976616
2.17402341069872 1.24714674383805 1.324819196023
1.90175435743492 1.31461159458151 -1.82313205962361
-1.23236612841449 3.09401125034258 -1.67583688201098
2.57368849758863 -1.312895762304 -1.12264747164807
-0.518756340384904 2.20432002223794 -2.82968603295594
-1.0846903782756 1.87297208062699 -0.28331170259472
-1.24747370410147 1.06969835350372 1.67127546771392
1.92067554194067 -1.64799264249206 0.462613472996711
1.19908731434378 2.61614613764747 1.11973709015389
0.66505872648441 2.27160504759244 1.35435764517228
-2.88484254308403 -2.9790431263673 2.657161424593
-0.274636792720424 -2.73035430895586 -1.38108076863951
-0.0720358679620396 1.53957197883159 1.49753781054136
0.256898893759538 -3.10667159237556 3.10105125432659
-1.5060850401228 1.13354340471855 1.76850704207327
-2.53325456504789 -1.84795372693693 -1.02746833720714
2.96061386951396 0.180956664926823 -1.05953153438306
-2.12694591527292 2.53738293044246 2.39611430321012
1.73071320492494 1.06790979451117 -2.36368298353811
-1.82342966622083 2.50527735796311 1.77938719612226
1.64126483319201 1.82067776709133 0.93495951881274
-2.6485290462473 2.49845494953701 -2.32107961249331
1.5483589252654 2.4621645403421 -2.96086118474767
2.4163745829698 1.03045122078309 -2.60923221968888
-2.27904423992967 -1.10906716075299 2.55720195426744
2.85210658789739 -1.05801204180953 -2.94008009885218
3.02475769039589 -1.42156975060027 -1.50494992390361
-1.36886717516957 0.789389541617895 0.12274751894203
1.61195872371548 2.10235972542575 1.66175467210199
-1.49949836778026 2.72736548930006 -0.774948045667017
-2.60314549501223 1.15299294828314 0.513132796665439
-2.1338164769087 -1.74426996492631 -1.71523599945367
3.1021411468508 -1.33206549758964 -0.442799422582865
2.87895825764734 -0.569179486382902 -0.406816525330956
-1.02916168317409 3.01732719228336 -1.69438632309383
0.0254212217227292 0.0461362787329183 1.1385408739439
0.958535492966641 2.54765373559469 2.78802183554398
-1.73074663884995 -1.31837421499557 2.75653445848276
-1.97040576337751 -2.04808237455225 -2.86963915086291
0.415679066470028 2.49245330265516 -2.33222185819018
0.942281757849374 2.92923930533117 -2.91435310991776
-0.811707557628443 2.624579646017 0.0115003338982929
2.36283208234076 -0.220005073014371 -0.954750526277815
-0.678256798322808 -2.26882145624529 -1.55648667413459
0.0914015947365048 2.00855387064255 -0.101374472507354
-0.514032621053561 2.1092303333869 0.685790245553779
-1.6520308706271 1.82829368798764 2.6456502014811
2.38338360939245 0.583317054360432 0.869817880888726
-2.1637551783786 -1.18402850582276 1.04050288010156
2.43532683798092 0.950226408507723 -1.05206661665275
2.49795054023963 2.29536536514556 -1.07883347764865
-2.77514879915278 2.13807662307731 1.23615360721623
1.53645827720263 -2.71722494115881 0.0500862266315263
-2.51298047297969 1.97971062331815 2.13660994851538
-0.6619630904037 0.710069410254409 0.364448818949697
-1.17080259803341 2.77130820014751 1.44651816811995
-1.14916858058951 3.05072822257412 -1.78435803432749
-0.700860633614456 0.584933625195 -0.486868654230567
-0.469663601174935 -0.467383860083659 -1.21974208836218
-0.729634122215657 -0.782903842831544 2.28416174615876
-2.7171838110515 3.01240835928334 -1.29900200694044
2.78926461181431 -2.42434091118882 2.43992804014043
1.18963731636714 -1.41550617642259 1.45849080137357
1.36531322330721 1.22733656716859 2.79753641923322
-2.21117197952885 -1.08449197256077 2.10098925149494
-0.70786410852066 -1.34872633407793 2.87597214314896
1.27115056026821 1.81389318047573 -1.41583022158673
-1.92801880763851 2.91331420303573 1.31421790862509
0.512281281959552 -0.774014271474571 2.66792915993827
-2.94969461558512 -2.91603059503614 2.98400818857095
-1.58214441408871 2.39837625291701 0.0196941142237188
-1.10473959413696 2.45449601620464 0.292574173537941
1.3496882957181 -0.61283526482592 2.8703344693649
1.16222797230293 1.33837606852693 1.60846844347767
-1.54602056449119 1.33814142231269 -2.60533847567068
-2.90372970265494 0.140055140929625 2.72457959488983
2.1289227634407 -0.0622359370382548 -0.0966108805476598
0.750049938126919 -0.878802924143897 -1.44162247180645
-2.44434453401237 2.72615366037676 2.41578344148404
2.39720903619348 0.0254137554275924 -1.07002717796673
0.856533605437069 -1.25312413750031 3.12602089843204
1.76485383095298 2.47635563260486 0.590580168533619
-0.943961029455747 -3.07791226666524 2.64414385082097
-2.74128514092233 2.93829924688394 1.62543768694602
2.95201163456435 2.76691911038082 -1.25503148492445
1.00327574359464 2.42616059073343 -0.908428544746617
1.32071857661147 -0.879777837962988 0.611346345433283
-0.831263114604161 1.57031365089749 -2.3109848634281
0.409816830126299 -1.63599514642127 -0.771901788611198
2.54750007315405 -2.49536197838501 -1.84799614289141
-2.63613987458359 2.86491826295976 0.115250811490994
2.26992228890285 3.09897852187799 0.918897306528341
1.44655497784055 1.02838624892257 2.91726956254193
1.57770250811745 -3.06504759986019 -3.02601420413095
1.60762730879123 1.91528063802435 -0.967850973604222
-2.62507760487937 -0.425221588584628 0.400897695477372
2.40526985331989 2.63343626893945 -0.80632545370732
-1.95425268194736 2.11267610038027 -0.0480213385345007
2.46220824307831 2.08457474106759 -1.87375521070322
0.376150832331613 2.74349666996268 -2.64570425289725
-1.99885912921987 0.757983594868702 0.502776785250359
1.70943317827008 2.1471689804281 2.80728472743797
0.915628299780185 0.117261185076382 -0.7036115320301
2.73982895078687 1.86555964636086 1.29678428439945
0.536344318562829 -1.56735037445851 1.8645479410345
-2.02866794174565 -2.72347597634756 1.80630294281527
-0.479828472522558 -0.955226602179378 -0.551115971330088
1.6384272648349 0.479802239527374 3.07712799526325
-0.968787492507136 -2.14922296563212 2.45600486167956
0.436394556058308 -0.151859537910067 1.81238687847011
-0.692753327751747 0.630299746327521 -1.74810091575473
-0.793602895103795 -1.64339581436403 0.142551805021162
-2.56992048548797 -2.02950677848035 0.848398826288471
-1.18493013430905 0.299782802346422 2.4610659392674
0.735367934010809 -1.96272013609024 -0.294971972540722
2.85979274965408 1.90288470520057 -3.13788910457064
-1.87872229720467 1.94731913670805 0.332943893347176
-0.600886304133969 -2.51616905574213 -2.66601879121207
-2.37101835358822 -3.04338894519735 -3.10486873506854
2.933530880754 -0.646065749016923 -2.52580331298989
-2.94392878300899 -2.08939495811988 2.43504696283054
0.223578218341671 1.38344734784593 -1.43599195757072
1.77489241625054 1.73754967204339 -2.9673117441621
-2.75131965347466 1.9602656387837 -1.3941291230048
0.262955100725721 -2.55728773042343 1.2748390655447
2.7493040114041 -2.59599996555129 2.53323226711019
0.71591217324597 -1.3531841025795 -1.57976353637514
0.380880221282561 0.850000552263332 0.0130668597343124
1.9746645905315 -0.434541474447611 -2.84331735708348
-2.06148243249661 1.80780579565883 -1.89671039287471
1.44094053974901 -1.90785741585395 -0.913278645242469
-0.749561391162644 0.833859088964655 -2.4089742044025
-2.54216774486499 1.88921602600622 -2.76835839547942
3.04010757448373 -0.038675624365768 -1.06758555296684
1.18478018483185 2.60508614312984 -2.1434017718329
-1.91016801862691 -1.32509697177454 2.59469058616769
-2.60896089609383 -0.834958464288495 1.31066592709338
-1.20174514179628 -0.825570420718075 2.90537185543499
-2.76781466333541 -0.456633368278021 2.70227435195204
2.31714396014049 1.29903465006443 -1.51609350689738
2.31003752108926 1.50827871021833 0.247902829099063
-1.33045077317433 1.34695984719068 0.560575226181997
-1.98808540473977 1.94020396765334 1.13519942860938
-2.1429164934238 0.489399470262915 -0.471837451665001
-2.42147696235132 -2.14612152770628 -2.07622632506958
-2.72988369383949 1.99004605481161 2.34344542453126
-1.31837137220001 2.36831371629016 -2.47981861394686
-2.48376604516073 -1.73515471109652 -2.03016999721347
0.265013508479767 3.12243195247079 -2.34488249645757
-2.24036824013322 0.190500625761298 -0.254658515477013
3.04700318420602 2.6465922829955 -3.00730437615672
-1.76720878859772 -1.92144434382841 1.44278524378086
-0.280161600293223 1.6696619108674 -2.21549168868997
-1.27221768725416 1.04994602967741 0.899460667286974
-0.126911864781491 -1.71912967811527 -2.94494117860093
2.24787857912262 1.50159080527818 -2.82361870253029
-1.66366302130088 -1.42844466110922 1.50437131694194
0.0338204392290411 0.624965416294064 1.9902003677129
-3.02311772070942 2.25171917667694 2.54011999510102
-2.52405689836615 1.54913983762993 2.58651514591634
-3.1189826516543 -0.583149375324511 0.338797930353962
-2.09520596023868 0.564576696551519 -0.868978545318692
-0.318603249270287 -1.38214261587904 0.0860771098398487
-1.75552958091118 -0.0680705220679259 1.38843804979913
0.395750288214821 -1.88709251077089 -0.202168488308147
1.21218578455978 0.944889037139751 -2.73859492095666
-1.53681100582418 -3.03040387435642 1.88083414825279
2.77436559557421 -2.9976399695736 -0.759364021333222
1.72205383051953 1.8314132664217 2.36705849165279
-0.251923644826012 -0.162265092313271 -1.4884611384193
-3.03713732915319 -1.0792245800574 -0.956356035438922
2.60409129043934 2.73351460055439 1.25057901409215
-2.75902004577058 1.93312533528509 3.09500685522249
2.350511580087 -2.75448396302291 2.24165475388433
-1.87008503296532 1.04834687430215 2.30078703612494
-0.194184428350693 -2.82953011494364 1.45543425800473
-0.682545894140239 -1.69993889961829 -2.64208899767162
-2.15522195926279 -0.663192056082974 -1.70744099328118
-0.586324722147565 -2.38861837188081 2.38238374978027
1.98478365248933 -2.60825759731438 -2.87389421965954
-2.78740612457693 -2.88020303691943 -1.56512032556258
1.70236176953463 2.53946631592803 1.06019081221843
-1.41795152910667 1.97175778959898 0.635908964065356
0.801247881065074 0.135083547044299 0.182609089562608
2.68100032526812 0.250533755002996 0.203774641123974
-0.229438886866257 -2.3804766669063 -0.250937990246223
-2.83187577774208 1.94925365360834 2.93677810142267
2.72807354004707 0.31061332751633 2.2494560399901
-1.83039120671109 -2.5345714153473 -2.38611720833108
-2.37700001540508 0.128867265686128 3.04617861508369
-0.781282531698116 -0.753271634338132 -2.88722901770194
-1.45560232307288 -2.06657136682 2.06942895713027
0.183085286602226 -0.706848224565619 0.296133115213812
-1.3745207971828 -0.254652643285113 -3.04483234359698
1.46476231208697 -1.48854755068669 -1.6650420290525
1.37682663350328 0.0654795971180935 -0.566298316278893
3.08395831170348 2.43928468292803 -1.83025022651061
1.41465776458963 -1.58123517712696 -2.56653592680332
-0.0814274952730232 -0.939145554232882 1.18042464731544
2.68436395823522 -1.89890280344824 -1.17010580913955
-0.803462417606491 -1.63113117755169 2.21682670422623
1.97249661509017 1.01043510103462 -0.783337376495004
-2.19689558755371 -1.53433820509434 0.946714014862371
0.123627347208506 0.805114848236478 -0.601870012118833
-0.381014536742796 0.470449420502647 2.88683453475691
2.84075530540078 -2.32883486403381 -1.23923613511025
2.22189996398852 2.32831399761009 -0.726881366181558
2.94199635491089 -1.97048611230642 1.11181540429038
-2.89132136092658 2.19448111884015 -0.801562276714312
3.08806164463662 1.19189964739774 -1.21889875709958
0.643225666773966 2.33707496016603 0.387276887369184
0.579850581586492 -2.08498398531701 -0.0537760279004256
3.00143743332456 -0.391877920772731 -2.7767109947646
-1.94944424019731 -1.91424365079584 2.50535808538663
0.842474596690697 -2.84562773307337 -1.73938973963724
1.25277268718649 -0.598624819405679 -2.43897624769761
3.0781753643499 1.99806613194123 0.748454025317019
-0.292970461967717 -0.589578630474636 -2.2260045832182
-2.41394970560896 -1.34329062945922 2.319441148526
-1.54426221338381 -2.297488256441 0.679798452268228
1.48996628623506 2.42189353024476 -1.99295805075428
1.3864879978045 0.990313688085445 -0.376856400373802
1.48198090124342 -2.39905983860688 2.00274189508541
2.23200439735358 0.72510889856207 1.76068332172479
2.10286516877605 -2.37367205806838 -0.181023498116965
-0.642470648567917 0.992820721581488 1.30377381324841
0.363167641957417 2.35752493080226 -2.23628444230042
1.75257509901272 2.21888853875836 2.43095821556488
-2.66753832766594 3.13225827288927 2.06631455499873
2.0960466693404 -0.759472208178384 2.4638988622399
1.37130446569396 -0.548734744812551 0.571652703633734
-2.20217592173729 -2.42659957193974 -0.764841641828089
-1.72401045667984 -0.700539706162016 2.093452679873
-0.0820672500425168 -3.09152326280912 -0.38400453835997
-1.06320098014876 -1.52573064774093 0.606399284522814
2.03233478239361 0.155419254229349 1.58746279999355
0.468658741844244 -1.81381422231841 -3.03964100392132
0.503277091102981 3.02979050663627 -2.18205781101595
-0.239114719264565 -3.1144608784066 0.233581204380103
0.141726611278054 2.06936231049 0.476434708495414
0.386178313276356 -2.94830517112859 -0.520647627108995
-2.84084208643954 2.05160198092174 -2.02272105727252
0.530671879459136 -2.56942330109786 -0.478722823552562
0.0511616645348085 -2.79124917442564 -3.04766124803289
1.69521585315065 0.432225884940695 -1.74388833975267
1.40017260268215 -1.83011891663008 1.11834718195654
-1.77224390451356 -0.909653288850632 2.69028173435511
1.4975276380417 -0.686949517814313 2.13057445159312
2.61997138924743 -1.38608999768271 1.05114362146727
2.28525039811947 -2.26310291007349 3.11493102291074
1.94166872966659 0.225645150895755 1.49169585183464
2.7535139721843 2.27885529391959 1.75339260355527
0.463424601441402 2.29191198532329 3.02915189828056
1.85553698931258 -0.923057645574503 1.6863678160461
2.54382388397456 -0.250930844936408 -2.70674834193544
-2.79369149980028 -0.791881649368403 2.60855129226517
-2.98361461772808 -0.71372993409116 3.006126291869
1.04363834663196 -1.0495672599085 0.270172600741658
2.59904985394596 -0.593289162177092 -2.18812729510399
1.48605934074037 -0.179206380429365 2.95666626661265
2.20112850849623 2.51427729987286 2.49171869516768
-1.19822933668539 -0.123307698132873 -2.55018930078048
0.543741301790964 -0.491691952258535 0.665592641945677
1.93921546957294 -2.9713478076691 0.83981113381328
-0.868840530729796 -1.24889178269328 2.05977226697961
2.72014043143161 1.17142032082997 -3.08030668527672
0.594108943096778 -2.50634473415831 -3.13359930770309
1.77081709325685 2.08998799615345 -0.0834922537165403
0.135724663066547 -0.316281291859604 -2.45821671679776
-0.414191249044952 0.0903593967274552 -0.308753583523131
-1.17816846114076 0.420427435429508 2.31082530378035
-0.156540173031318 1.59985293275717 -0.627172142853729
2.07915669870268 2.23563661938625 -2.65388068287314
-1.39482338946989 -2.47438451511119 0.485906898512635
1.33142937479961 -2.78799539351349 -2.11074696620971
2.76263397142937 0.76230950542219 2.08333786209122
1.99940145563199 -0.363884277121055 -2.35999682283352
2.90532980477426 1.44625755651036 1.70921751023052
-1.41036089732911 -2.62981919697481 -2.52813166299173
2.45485224061323 0.326627985257352 -2.14045785170533
1.14898616193087 -0.723161242255543 -1.35914569086396
2.56168600940041 0.317208128932441 -1.16795439856873
1.53205026611254 3.10419210213601 -1.42185684172811
0.60747655197242 -2.32379248806991 -0.642740741147408
-1.04369890405622 -1.10543228396232 -2.29906200183521
0.202116952283533 -1.50151423790292 -2.39699048723338
-0.653272783957044 -2.1260572861673 2.53082218198398
2.29199119826859 0.733116402434851 0.383112076616619
2.52140407690574 0.591981312479581 2.37397459182266
-1.6527228660472 0.677250584818036 -2.38951007841561
2.06957885490234 -0.420716761320927 -2.21143894605458
-1.69438258675289 0.597340963993091 -0.40076453922754
-2.28731319593736 -1.17097041327713 3.13736245848768
-2.09860484426734 -0.297476857896831 0.0386998833583214
-2.46390377035127 1.42821400300685 -2.80494495243339
-0.759400890169684 -1.87060859110451 0.360003035641357
-1.64164575941098 1.11337827818045 -0.449130169824879
2.69214578032682 0.819367133620031 -1.82099638473433
2.11415223530715 -2.60184928578042 2.59849051346746
2.34634485759846 -1.45493130573186 0.792561158992559
-3.08085330576582 -0.408677787172606 1.83463420672662
-2.55985399282915 1.7733811014339 -0.270152030996718
0.839343404937826 -0.0858260966561897 -1.77358739588301
-1.11830596226923 -1.51173098772099 -2.89675901642326
0.527424779095522 -3.11788616243792 0.41373455806337
1.24157913838727 -2.81935141720271 2.23380057784505
-2.53081250734131 1.84270429739384 -0.413991806104749
-0.76399879953824 -0.0524282677475982 -1.00080723861953
-0.133891933725471 -1.77206403613249 0.196135114411754
-1.79009082201014 -0.903796093629202 3.13423886062474
0.219326351617198 -1.28032655571978 -2.35450615777286
0.90277417761879 0.88901010935923 2.86358292938964
-2.2989355813061 -2.88842403728127 2.52532627178087
-1.0974050084803 1.40874560184503 2.98543722252108
-0.0294336876963777 -2.22004206815124 1.79896044871502
-3.13200419001237 -2.33680253919109 -0.847966817725159
2.50610347434367 -2.30955255188386 2.72699632172202
-2.80199229893905 3.07695181319689 0.81973751394028
2.04277270664968 1.04133199962282 1.0059003914057
1.907339825937 2.48254822718776 -0.00927805691562522
0.10156796191842 -1.40973379042349 2.89724164257963
1.68185072608677 -0.396783248831456 0.0689651859196041
1.80724742262064 1.76591230514249 -1.24487949279804
2.85385519111235 -0.52559369938199 -2.49279496129467
-2.61442906285348 -2.21785266427486 1.09710057634808
-1.23120135479876 -0.472456791056708 -2.78592433164286
1.89751270183746 -2.58759630454653 -1.71909111354869
-2.30150184928704 2.59185288183269 -0.527937642657253
-0.722870759257248 -2.79972943271277 2.61765246447006
0.638103081457796 -2.99107826200137 1.28141325622973
2.15645299457251 -1.55549336604041 -2.72495193764162
1.4268264307275 1.27150594110042 3.00009286433634
2.47222447506911 -0.863926040194888 -0.226672736379222
0.654682295951984 -2.03612666583579 1.55567735091579
-1.59946436730921 -2.97518351604579 -2.28978255902418
-2.59967342775564 1.6772762433577 1.77399886073425
-0.339350002614714 1.25133636574803 -1.98057556398037
2.25266779770159 1.01413958047924 -0.459182022493234
-3.11174959385691 -0.620093959466729 2.81192854983737
-2.45237697727715 0.611685514360095 -0.00457837942296058
-1.00510198424727 3.05599405658123 -0.217486074662651
-0.717595081509034 -2.77059480373885 -1.43194168724643
2.69849943334306 1.61995003736077 -1.20167665324622
-1.47168251000635 1.20338766162641 -1.01925891942962
0.668737018521099 0.333999028605787 2.60604029601536
2.48186973524192 -0.945600309557646 -2.80110765552801
3.01510041309993 1.60998829376421 1.50983429279541
-2.3684760853909 -2.65263440177511 0.490851830453499
-1.29511451863913 -1.09133664769021 -0.41915764558763
-1.74789568455398 -0.244506542481655 -1.53096771929271
2.82337129189863 2.61278308104572 -1.8625847973986
-0.685672508547151 -1.57348613404448 1.17141951596279
2.99656843973594 0.477259120314622 -1.99170886662547
1.66718524596859 -0.541772341980824 -0.169377808114968
-1.47672069924575 -2.7813534519656 0.211512008864334
-0.640791783274636 1.9737285503971 0.174952431018753
1.34121293945374 -2.67251974761559 -2.69182389687085
-3.07482648926679 2.07956311004824 1.14633902937344
-1.6883342085768 -2.44356395794071 1.68370672424849
1.67165771578942 2.24642056858435 -2.16057823647457
-1.15222483063539 -3.13474689712089 -1.35022142616927
0.278389665971411 0.513160437486582 -0.0785221630038055
-0.537853676734218 -1.86416518255338 2.57479098692001
2.59008444399898 -1.54577321446274 2.37679330292355
0.0151309519361305 1.70580723335325 2.96126701904807
-0.146876869505402 -0.869164419214512 0.455777567190764
0.151734846127026 1.21682609280146 -2.16877079870109
-2.49584290298435 2.98480615911959 0.962619354291173
-2.81359126889179 -2.35462686945091 2.14326676717824
2.80232024421756 -1.66085902890731 -1.72248821928998
0.871595229684658 -0.035392131964612 -0.495992584727283
-2.65596765493456 -1.51685860972314 1.40114868449967
2.87352280141738 2.71699698294984 2.26547280266239
-0.989066581754176 -1.06788703653721 -2.41909651243094
-2.00746683511927 -1.73174544801912 -0.918818559235626
1.5397000697176 1.46931925305412 -2.04019415228066
-1.8783782386406 -2.30491283255773 0.529709187770012
0.862474479407507 -2.85084557604667 -1.9180373220502
0.852096186023406 0.351174476355161 1.95830189328146
1.70877455633996 -3.0483586756105 -0.138815882861164
2.20801854838503 0.52592139511588 0.131685515010246
-0.286291532996279 -2.45310371675647 2.51478661028872
2.46706014751826 -2.94385084946914 1.92689664265986
2.22500031918287 -1.691905335401 -0.706995457548652
-1.84489733355914 2.57090377446078 -2.58208686389896
-0.827018080552741 1.53439918685141 2.766681405106
0.488230255869887 0.607748965428446 -2.08899023280072
2.19236244438628 -0.896080835629082 1.20857463867401
0.324880226784742 -1.30125742060185 0.806348590829766
0.476047169629588 1.37180807922848 -1.13241941432107
0.575879710918954 1.62516223736013 -2.00939338396248
-2.93957876061017 -0.349781756833105 -2.05147750175124
-0.158087231807449 -2.4020322260454 -2.68564721528643
-0.591611310004452 -2.17197418598205 1.62917319047247
2.19591885706348 -2.74822612838453 -2.71154169391213
-0.45617999409631 -0.479983950518255 -2.26983213195536
-0.00101408706109929 -2.58997273532926 -0.132419390557044
-2.19054116417578 2.77889879573376 -0.902196938344633
-2.70707231711356 -1.26178490883563 0.548683919160482
-1.60712739574955 -0.847768024141549 -2.02688026614666
-1.03838789511508 -1.92588501517565 -2.44751243467406
-1.30259667048229 -1.16360283689846 -2.32774809989588
-0.629469582441282 1.14603477309004 -0.14654782781321
0.726037938141419 1.85229446277277 2.63622986356168
1.39281455590979 1.08441248554355 2.42050353394966
2.91363984492954 -0.69651041092842 -2.75829612418385
-2.03532329951813 1.7188967737652 2.74408682024213
-1.61728996544167 -0.389090388122971 2.31351867460422
-0.555304293036091 2.69942556564909 1.29349039835126
2.06344300196123 -2.95748430570192 2.73924551372467
1.03629513548204 2.92426591054786 -2.72975465322533
2.44286953822985 0.169012242622699 1.12743606607018
1.75474525827731 -2.10117504680405 0.658283777866559
-0.173259762324246 2.23728704151759 2.89563885746959
-1.55948805410541 -1.79734003177252 -2.12797095239232
-0.985476651232355 -2.05701463734603 -3.09983504706996
-0.178591562717589 -0.981688894363365 0.976969515821081
1.57365674085781 1.44370125695933 0.969528751983305
0.945443664475309 0.00403933173785553 0.272719817609394
0.40096079291963 -0.464478835058056 -1.96981698880756
-1.12520344159583 1.310028438974 2.08742244689754
0.650535285713607 -2.6439847199519 2.00631404248641
1.96016183452229 0.393639850250743 -0.988467530974759
-2.88043195675582 0.688268396576778 -2.51221944549642
0.304370911123426 2.50729820629552 -1.35503690537367
-2.05233199662989 2.55642086082655 1.47285988876928
2.95916528533314 -1.92937964272774 -1.60233212664165
2.02500841815903 0.956890911458087 -1.2116302911153
-2.65885127868205 0.0192786800379388 -0.742132135955404
-1.62479014128955 2.0350677949036 -2.74474931133451
-2.2280681833085 -2.13409455115482 -0.504775379043482
-0.23733073477446 1.85890511543099 2.19013344856815
-2.10522065546078 0.404046747290191 0.422269142409526
2.65870017375916 1.45376814494383 0.985570598509143
0.198647400201707 2.83344185132064 1.00148883258188
-1.58587357739366 -0.859526705040424 -1.55151089890869
1.73839767172579 1.36353785239088 1.74272662130218
-3.09481679011432 -1.21539891291578 -1.38260091947279
-3.0177851266982 -1.40331644443734 1.22711648209438
-0.448406556627198 3.09102051324617 3.02059666594252
1.12878021996212 -0.818229081544672 1.07636681065762
2.33338511974482 0.285375912296014 -0.379273044232919
-0.299484522157038 -2.69298186416234 1.82500216537382
2.04836807032219 0.783811543468675 -2.63405040254034
0.993092867034468 -0.148624611966523 1.01218667508158
-1.97512148699247 2.95900268791806 -0.272523996579217
-0.786610805249012 2.46966563698212 2.48136297767774
2.96616878301449 2.76402014839232 0.892017975094208
0.0107524649654107 -1.98130181699166 2.20145910889572
2.3778660795598 1.221130469349 -1.28765712616582
1.61528552523655 0.292143544651265 -0.10882436297154
-0.195344536073801 -1.26625614778591 2.85416724386403
1.10422146044389 1.90770622872769 2.0339366488195
-2.24578037611644 1.07587668507596 0.00550184580559465
-0.90840862672146 1.16061421119396 -0.75092911769976
-0.0998996392195544 -1.19788470929707 -2.20154966639552
-0.560574644329323 -2.66986482208744 0.722700709143745
-1.43235910525786 0.161285145253447 1.19825484874842
2.42258274315326 1.19497740488349 2.94309211097502
-0.670948827279071 -3.08999284622553 2.74844522613273
2.27749612493084 -1.70980754472904 -2.9318338904668
-2.93004582699996 1.40644461368067 -2.6801612691087
-1.51067625658311 -1.83729762073898 2.95133868593453
0.0646043295874499 2.21364577409388 -0.855467301161563
-1.16814601209571 -2.36032696570503 0.629996062620445
-2.68222915163171 -0.538343175727162 1.09302481028915
-1.83553649282322 -0.257669575825431 -3.07123117140058
0.181458939845352 -1.5024893661987 1.56195954885759
0.622704803593141 -2.76311811520307 -0.344507122257131
1.64837427830796 0.39683394857274 1.89770395218074
1.50771139910352 -1.43725946646373 -2.66044192426305
-2.44104712311218 -1.84690791096573 -2.06750666020379
-1.5575667877452 2.06138923115081 2.79107236379787
1.65633731767506 2.1537309432595 -2.54236575478551
-2.69103832754075 0.568566901247078 0.0722012172039306
0.620564850272985 0.855846869470656 -1.15338978853533
-1.05055454206549 -1.46098165345751 -1.04495146450556
2.62398192493209 -2.05219759813793 1.86769482777222
2.76714754378357 2.41551881349336 2.71850393550117
2.04034890601882 0.491778680912331 0.0572815738316588
2.8675047629185 -2.8089821995539 0.651354849975281
0.566714617453253 2.31539910928439 0.252609090550953
-2.30658227841883 0.815369434594535 -1.94027768053976
-0.526086332481364 -0.950880872071868 -0.20766077404977
-1.25442908894849 1.10865775492123 -0.674829842192384
0.166663660338401 0.0078936557266629 -0.0751795163282196
1.92307622964144 3.04475428183703 -1.32835570065479
-3.10449951525573 -1.85672912566727 -1.27128017289292
0.128182591663867 2.66954339823483 1.96263855572052
2.5180897778298 1.41865002718181 0.861688439991495
1.9915666174363 -0.680423916075471 2.40779022361064
-2.84992630735874 2.91885394913689 -0.88931205649992
-2.49343306869964 -2.09381044435498 -0.896872366470658
-1.43606533701033 -1.61643275720948 -1.09792204509928
1.82312978392685 2.58307036804298 0.19198401758426
1.04172100787723 0.769148967623093 1.69111675021204
0.775211518513433 1.87905772558773 -1.26602750090793
2.21687100795219 -0.607069299892752 2.83404230935355
1.87056998920432 1.92736257511855 2.26950043016854
-1.48294798986572 1.48847065598479 1.95323468676086
-0.808655351130642 -2.52927339912247 -0.321936402093404
-0.364123729027373 -2.92446239226182 -3.01044827235085
-0.0926707587494131 -0.130008567335897 -2.71769203014451
1.51577618592232 2.57761746240591 2.29300640131124
0.34216914578086 1.42377342739796 2.96900250675079
-2.99885164482324 -2.28436143003788 -0.370599157381608
0.0487268884173586 0.425964878991712 0.466952376059678
-0.102329955334286 0.226549491263792 2.35072245959659
-1.47003372854804 -1.36667327083312 -1.34143625336335
-1.85498916722411 -0.636337424616446 0.243236792004751
0.317066360656025 -1.55966968245009 0.306726135765862
1.789419707708 -0.119084761342025 -3.09736668830812
2.13355584255642 -1.80760594198761 1.56604459580233
0.966716993129734 -2.41719085361847 -0.596590665963105
1.81348069131842 1.35304046425774 -1.31112023663975
2.79103137322433 0.46006131590431 -1.62223082484501
-2.22307148478929 -2.77453191825093 -1.68571479305694
-0.979572408357062 -3.13847135646426 2.6322889131606
-2.81826229848972 -2.58162720759412 -1.44540949689249
2.32592296221693 -0.838132618935647 1.83921677506214
2.60935397472939 -0.190020083071425 -0.667088734777898
0.351586887978743 0.186726046923315 -0.657705620235305
-1.7602088916501 0.93050976684709 1.32636522605388
-2.98597911211805 2.59682367854708 0.418761814013285
-2.9106648658324 2.56446288342489 1.16804315261877
-1.96142373386873 -1.20875091880569 -1.95905321052898
-1.70422012389798 -1.65645512799722 -0.423916663336551
1.05384435862105 -1.09347252093875 2.19479616534068
-0.4269525363528 -2.01011685420342 -0.720575033993949
1.02198100704205 0.531119244384743 1.94513948545966
0.770963663951945 -1.81910720183516 0.812671318660824
0.789140263895454 0.717751429319035 -0.852209956500661
2.15323354660956 2.90071910071774 -0.788697753083853
-0.218386626317769 -1.59357906322627 -1.00651150594379
1.20411124142895 3.06414044401123 -0.241977441991885
-0.911846636694272 -1.49106965978346 -2.12213534623169
-2.08989539437315 -2.63671407400499 2.22160974842722
0.117146726228424 -0.379716083322335 -2.5933060664108
2.14656896717384 0.332362366033382 -0.33103883995286
-2.18069562618598 -0.730333275916776 1.04328694265929
-0.903944037658385 0.659911751176007 2.12806518578006
-1.40402737016464 1.50357317174562 -2.89241598105282
0.696945897248932 -1.20423184182981 1.65004593213522
-3.05303066154422 -1.35921695637594 1.15594162845709
-2.7098228148137 0.917220510069365 1.84327579084675
1.29047906503817 1.29075178827093 0.480253691503768
1.74256693929872 -2.27474138012106 -0.429553176826919
2.05962798915289 2.88860181357786 -2.58503726435506
-0.389306075098133 1.58216475513688 1.97629928180338
1.45980319242426 -2.02600870171052 2.47359933393103
0.549519219834182 1.68534724470456 2.07831646245297
1.1506462040742 0.410744790784516 0.55847503941243
0.448889309656504 2.09660657234194 2.97738810173627
-0.955178615025413 -3.01148072327109 -2.51922130506594
0.160330046634962 -1.22571271867984 0.581242185957858
-2.08481105979572 3.002282221865 1.90538716851513
-2.6435623122508 -0.67054958062846 -1.76124554923625
-1.37961347683994 1.43828741329822 0.917296641116184
-1.27554307085612 -0.634085314865289 -2.30351388746631
-3.04557477793063 2.28437971190855 0.770585093231484
-0.926452070713189 -0.622536258983953 0.391763961066179
3.06204993551378 1.23419261802508 1.40840126242241
-1.66977665401511 3.13636647400568 0.225557850045867
-2.36125081454005 -2.24527973095076 -2.05829800488932
-2.33752812419638 1.65386073396221 -0.581712263471138
1.88005585575658 -0.0170169972574965 -2.57310138035924
-2.35347607320189 0.366994932777057 -1.22807746987175
0.332530566409052 2.71196733144852 0.904987901706401
-0.491669440509473 0.940003320467746 1.08584558974432
-2.05544011498112 2.26553875204475 -0.713514704115945
3.11291321810944 1.26654548375928 -0.161015887986554
0.273061067868231 1.47517300534657 -1.59611838037979
3.13487642205532 0.015728291558466 0.228442335728996
-2.21789172243016 -1.03069289917539 1.24508755442082
1.96505932196521 2.6793712794397 -0.536553463924144
-0.62401752067596 -0.741724640567596 -0.813278806730632
-3.12463218099147 1.37682006288767 -1.76610840554147
-1.77840558099875 0.692029874162873 1.39121423579119
0.0846476926042619 2.9698213129591 -0.175122942680758
-2.56514824109511 1.79715416926394 1.63861132966714
0.286458523510842 -0.0499813254525225 -1.01218728682037
2.5073207253563 0.552991803412858 -0.233658794863576
-2.7389616213069 -0.0198405252981773 -2.56145256098867
2.63817603252315 2.66405223370846 2.17566336531919
0.781678864309301 2.4677324650411 2.67267218527735
0.977917146669896 0.173753383602457 -1.23444614624091
-1.46221853001515 1.12322405961327 -0.561178689118371
-1.07771425605339 2.90436539284215 0.435792517594884
-0.372346860240245 -1.44026898083642 0.103282831090735
1.78132651858801 0.0537310157538098 0.756095104512514
-1.72068696441668 -1.75463883899198 -2.2375985949666
0.761997028557807 -1.0703141932293 2.25771167294075
-3.05487910621217 -1.5450538335206 -0.299584231265067
-0.874351013993105 0.986380291318317 -1.90336607999132
1.81979597273953 -0.170476783674267 -0.620959787809281
-1.26205487622824 1.89508369320052 -0.302711932276206
-0.224213976235133 2.87870027841425 -0.986141162682024
-2.82513498572063 -1.58470268911022 0.595648336830611
-0.346463152321625 -2.49401763266936 2.48677365370733
-1.73465741548259 0.4462959066246 0.992689733623399
0.905556885966491 -3.00572039587643 2.8506772369589
-2.96830509642711 0.961422461565227 0.519779829455278
1.88817469664938 0.0871975072581064 2.01321771931557
1.91347920830722 1.39636908670552 1.43007463501212
-2.50394784797546 1.32839504830705 0.746527848384507
-2.83542556469409 -2.36638051716062 3.01346080922167
-1.0130478934918 2.30285084860941 -1.40840485055115
1.08762230415414 -2.64660614474703 2.49547822913868
-1.6833199907084 -1.39577276036142 2.99613847149232
1.66125130650265 -1.98947748372779 -0.337278534419807
-0.819108938437499 1.25787852024733 -2.17869507064745
1.13977867086777 1.76136757863156 -1.31956247118854
-1.21685499290111 -1.78110461070577 1.53220345384488
0.226857144413257 -1.94743859093024 -1.80346679800272
2.71378730742097 3.08132760192846 -2.67543493931494
-1.59303258462366 0.205920416946856 -1.48941114457526
1.13456451025672 -1.68190719362486 0.146610705697182
1.68629915786265 0.971879064132608 0.443240820510898
-0.418201750972485 1.30219694990262 -1.45646118101053
-2.51469318459755 -0.55919182576684 2.29739368436115
1.93456435903641 2.12202184919454 -1.58352187590923
0.678521321713504 2.3503393805886 -1.86747946612428
-0.735504352111049 -2.73756113752253 -2.13446662918843
-2.34565540421169 1.92205617226748 0.668851856849029
-2.55587083005003 0.105269289802065 -0.457853784601709
1.00948496033155 -0.565076118934128 1.61013638260825
-2.72451210241163 2.74902059139465 -3.01657756149754
-0.44606145645425 0.735870780895193 0.352037867610336
-1.05964667146766 -2.19772814165635 -2.40481825554458
-1.69985154444188 0.508823128845465 1.70893933382975
-0.246503526631895 0.353298723635606 -2.45470931707406
-2.01526780127633 -0.111123148677305 -1.64924505410735
2.56423708699519 0.836495118219764 1.5265958878151
2.72150009267381 -1.53046147947614 -0.69186942913197
-2.67410519912581 -0.236411788727458 -1.84145474477301
1.4535850622179 -2.06786632447351 0.882110053224118
-1.79645701502762 2.85122344905651 1.21747104038186
0.248605642719593 2.02295715092395 2.58149687703525
-0.617572780627305 1.56171998332064 0.537022759967855
0.0714279900994974 1.64414258214873 -0.929473495855009
0.356285372347959 -1.97472530934626 2.77957497665825
-2.43550103603478 2.15829644582517 1.01982448630998
-0.0631305192223279 -3.03592019077622 -0.435012727356487
1.84729034733777 -0.998610465903092 0.0992313266133218
1.47524940972334 -1.0489160942242 -0.609703753969413
2.33981193929286 -1.99548601452548 -2.0462032698409
1.87648818109197 -2.43159779457653 -2.78035508023854
2.35796800049994 -1.60788601016645 -1.61783099819059
-1.84743236737172 -0.079688966583813 -0.665148646671908
1.8342701305247 -2.65825140456813 -0.119163844590712
2.65196246914823 -3.02847259908248 -2.10335715267125
3.05935975835963 2.05890898936408 0.375441185746941
-1.7425308518491 -2.19163296509256 -1.83893922347114
-3.06321733666749 -2.54130624376804 0.705229082897239
1.22995462203718 -1.82581285772124 0.316759311439312
1.27835866477573 2.79301664058272 -1.11100815238242
2.52721734138761 0.844758847924984 2.81532672595584
1.28477390426087 0.979075361617539 -2.34135088511064
-0.112669764353673 -0.185902142240927 2.17386312615345
1.02951805854418 0.539381289711588 0.834505399509712
-0.436158402329175 2.89374956569232 3.05346004245811
-2.13804413646231 2.32140058863237 -3.00295416143669
-2.39136839185313 0.0599296490559951 -2.22100841162214
-1.88518477043758 -1.68913452819161 -3.12145369730797
0.722166156225414 -2.82740933814229 1.91350113759311
-1.29008171858425 3.00353697120711 -2.81168904067614
2.8142488870798 0.868675945223677 1.91997986434555
-0.937263032667095 1.75803551942115 0.798644549616512
1.29828726765921 0.43959470818059 0.0887544841877843
2.80205081735905 0.803062685024214 1.67363227591793
-1.21082787131697 2.94318507205216 2.18471204181475
-1.16013576313241 0.655786905702018 0.928078756399835
-1.0880847147811 -2.52184925553758 0.626776008450648
-0.163753330159438 -1.28576941459765 -0.500797187770644
1.43629431884948 0.698116592443743 1.78584078260743
0.587709908702509 -1.47814144906338 2.16253004620859
0.601912349308873 0.865280323606061 1.34581940210674
-0.966790895091493 0.388769457119711 -0.573364352879658
2.08854373714906 -0.933232552425272 -0.608215478452822
2.99065160789936 1.72900211763528 -0.0353725031286776
-2.33042982663093 -2.96126382444796 2.568368223391
0.424410656509281 0.145847314771642 -1.39726151410297
-2.62673604762066 -0.354604208180039 -1.54222795014716
-0.578720758446521 -2.10832622096068 2.91225287407044
0.427266495073482 -1.72778871414008 1.26580692086016
2.55181312440816 2.20734720638259 2.2786276555166
-1.34846710775848 2.78363872724686 -2.49625567582052
0.615582862914581 1.63302520872068 -1.57521672729651
-1.13928301008487 -2.90847449186756 0.785812360934695
3.05071406727035 2.38096002263523 -2.69921980688497
2.6320325000852 2.83922492805023 -0.123107020065546
2.17039449196549 0.27249718679231 -0.588977817545609
-3.01169329574283 1.60617000445086 0.89615411275111
-0.895042840450121 -0.649176018454378 -1.36629919342216
-0.324073150309486 -2.54968954433849 -1.03992607674747
0.112627074875395 0.576157381020703 3.06035916762863
-1.80363447777824 -0.0980645739628101 2.02035328558844
0.406516079916144 -0.499274296477767 -2.98223495700036
-2.17726018756893 0.268338554111296 -0.650054354881628
2.77992069344322 1.71007934630361 -1.53657668249871
-0.0580664011468994 -1.13455807560506 2.92770528070896
1.08125626822652 -0.672743843413238 -1.52557122928135
0.145608205941302 -0.139903362461196 -1.59386511475455
1.95127746636665 1.2869793497458 -1.113382494771
0.515333899427985 -1.15962661188265 2.83362492465039
1.23415414326858 -1.18879179514286 -2.002848041239
0.934721684501558 0.342481547415202 -0.0412648933942958
2.01809257895361 -0.771131358130453 -0.154906993913294
-1.12124242387793 -0.810248138556593 1.20238338749554
-0.0518360850699233 2.55874950377686 -0.0297466739566423
2.53240367303886 -2.20590112577416 -0.885221180331824
-2.11204656177659 0.792069359118695 0.718382280615125
-1.86304338165341 0.923788625727001 -1.27624483824013
1.26309664630611 -2.41027455997096 -2.91988251551518
-2.90062194521167 2.70203674913822 -0.637411727270731
1.55436786436312 -0.00836072392920384 -1.12871758088625
-1.33498618543841 0.496992322834181 -2.85664326408074
1.59858195014057 1.46397987929099 1.34033929742497
-1.1115665639428 1.86935268362203 -0.521874005453354
-0.50501868633167 -1.29526278444421 1.58195555755393
2.70661549593672 -1.12666932363713 -0.943533255450247
1.31052464395244 -0.36550153157744 -2.43114365089687
3.12730722722021 2.34618596073145 0.643930794848563
-1.32226220408597 -0.0292646142273143 1.15815841407206
3.13764986026707 -1.00121906110633 0.404211132403996
-0.336368071349351 -2.70839023327442 0.345063354664972
-0.655873076462995 0.521208015016087 0.52637338748387
-0.715487988540391 0.77876401312441 2.11564783505407
2.12182948706857 -1.75974120913045 1.97974521025624
-0.304106355576237 -1.70284171059941 -2.61524457537379
2.64825124685096 0.257775977269251 0.0801192808902904
-0.471627354175685 0.209011436483387 -0.632567790847689
1.1672187440145 2.0435910319007 -2.62416286009062
-2.38207170086235 -2.22445691431471 -1.1479610579679
1.33769781715921 0.0997920238876859 -2.26720638560806
2.4448485041384 -0.975535539478872 0.542067388049416
-1.26313003650355 -2.55658636858658 -1.33215739499455
-0.84093545818821 0.370883478172831 -2.50437553955737
3.09442310560735 -1.79695376298228 1.41421383969525
2.67592243938695 -2.80447956935611 -0.553496336936784
-0.769630168421704 -0.290863112613721 -0.826581682318301
1.42251666132105 -1.14471623606416 -1.16195450296484
0.992176433852284 2.81648086421582 -2.74700517904083
-2.55083641228609 0.27823189413443 0.599885109193251
2.42748967592132 2.87651201012431 -0.390353814345374
-0.141127455360157 -2.12015996015763 -1.3178901214461
-2.04746237710211 -3.07904727063666 0.0545715460596319
-0.121031924600598 0.743580590240841 -0.183388423660005
-1.67650440356592 3.03615425574364 1.0996806098111
2.32271155085324 0.0699764604128443 -3.07695644018032
-2.92759553350546 -3.12767761529351 -2.46819635230041
-2.26348048682981 -2.01334301076472 -2.88199166741819
1.16894195191538 0.827195035199248 -1.66937574567587
-2.12064305643217 0.653103255421502 -2.59829112340591
-0.116644695405963 -1.18010435487475 -2.81605362042121
-2.92164168512891 2.80163437590709 0.782300454352511
-2.15369361001937 -1.9478256095856 0.844714323801212
-0.567458353264754 -1.46571031864123 0.164441764865622
