12.0647881542258
3.573964323176
13.3177402182102
16.022971930393
-0.738916579528581
18.7756991089889
1.21688799601926
17.0876396976179
19.363763823469
7.691025686457
21.1449212966658
-3.14215351913249
9.8553603938353
5.57993210918241
11.6566453150568
12.4701953725615
20.9490172498206
-5.64426869781881
-1.36585737980927
10.9704074911385
4.35608125410849
10.1181126452101
6.86708474691008
-0.753717878412786
1.83650094859828
13.8199636476845
13.1299372299173
13.436576180706
8.23651302273405
5.15733136465214
6.75867489447399
1.17195113035737
8.73188982748134
7.04185893646943
10.1098980309944
14.8598002837145
-11.8307139063943
3.96563322738235
18.9826210821074
1.12935238808083
3.77705956227938
3.34410362815828
12.1949525263005
5.54080063261381
-0.0150369109424807
-3.93754924108437
7.34511033858629
8.1670955962278
12.3916565398649
-1.92607660442458
8.34987103778574
10.1124303571974
13.015539270116
20.0756899977585
9.03485980671683
14.0777866259946
20.6503826112127
2.97848534609304
12.4972229567304
12.8651190664959
15.6711986203823
16.0982271717562
10.4772406537826
-13.7770645536222
14.5716876051148
5.60848453334653
-4.77091842011582
5.3831982273013
-8.44277700311042
9.35829680416115
3.48721793210094
10.9545004686332
-0.911020736897532
3.89582907958077
15.3385621161817
4.01138079000291
0.30794957201602
3.74223505830745
10.7744541215587
6.39392305027354
4.15811906756076
5.03957440689118
6.23185815128352
16.0146637889247
6.71421514195648
12.5474633339841
12.2222300505051
8.0940198531585
13.6339826183223
8.66765941246737
-0.151509472229902
2.36919603783435
-7.0859820929518
7.64811950828538
15.1038560617391
4.36148209887309
0.16472163932047
16.6442864267394
3.85922524390083
17.3758943128086
8.88361941296859
10.9325200224516
6.55057240913242
11.9687371606561
-8.60150123825713
11.1863360138091
6.23714116619462
8.54264277921621
3.30585106182638
7.74449147796613
11.1275955606911
5.60023269696982
20.8655337032085
14.9157595933336
6.59017195672023
12.5859452998186
6.0730128799607
11.7222931857998
-4.26262620694976
4.01386009399065
-3.60038658234328
11.5954475750747
2.99079308416503
-5.55115659260032
0.972746850231333
13.3012883157616
10.5305102769562
10.792561025273
1.86028217812648
18.3393299652838
10.3279732675727
-0.992426276511948
8.46104464287669
9.00801832572003
9.52853295574236
18.7787204599857
15.1484656668097
19.8295928982256
13.7399230641276
1.57748166015241
1.04936034518616
15.6562829382571
17.6255126581507
3.69672896600904
-2.0307265879133
3.22402978175312
11.026458768939
6.15454488545486
-9.31981707161548
3.61456493863118
1.94683969754342
9.95302361905212
21.4669091497869
2.73029387788799
14.1724811485607
-8.41393537859331
6.19210766883306
8.61994808626702
4.96224962589819
5.47553743010683
22.9979045273519
7.61723069883945
-5.10855628803392
3.99705109334121
-0.493743877002295
-0.758070616675493
16.5044068158994
11.6283465440092
3.22293366787586
17.3839706908457
5.30672333416427
-2.68574789695154
5.51970580956286
16.5104529639311
14.2991397496621
5.32235070295949
1.46986525678737
5.42843890918191
1.40735354468984
-1.21922095024363
1.02333640572187
4.37837057550132
21.7007191690555
10.2293353794072
8.13039015122115
13.3411830811926
-3.91625286557692
9.02375668983389
9.58139255423408
7.83942869782876
25.6729314159997
2.22542279125307
11.6975579437731
2.35155242965221
0.716454537226803
16.057877272163
6.28949659914796
6.72606548107826
12.8906486046033
14.3107660470369
6.79012351405256
10.5384422465729
13.8755873479994
12.8554918399777
0.496658046112959
5.02864682299388
11.703595027653
-0.161297823062634
5.2104965775324
-1.10789264761104
3.48796167457278
12.0653161987685
13.1011063337764
2.89062427295412
3.7143009993006
1.31648983977443
10.1951402193584
11.4801586068703
10.2008788703744
11.1685108041142
1.22995566951022
4.15382652019923
6.32440963692928
4.32003148263701
-4.59304418124383
0.768606200952579
19.7348172488981
11.1451723456623
-4.77648480220626
16.8101698208981
9.77915774541174
14.6480599382313
14.2099765944578
7.53813230759054
5.6511985867873
13.9167095052229
13.7060025140075
1.39939065898675
1.1783667211956
6.23151289241705
13.8017947273645
6.09843382734474
-6.80616841462762
14.7428777676757
1.89930770573773
5.64135457796552
9.45502505085079
7.80013847679466
10.4634734250929
1.60164191093903
-1.30627145191904
11.1815056568696
12.5819864793526
-4.1036053671379
14.3980656073769
1.37863167653751
3.09872866936168
9.32013363105611
8.98143739361061
-7.84295048999697
3.39143840701052
-8.51192630035493
15.2283835311062
13.5259595876613
-2.92310047850497
-0.435760771488828
-0.924099663331101
7.79732821003324
15.3694364137637
17.1115014585022
-5.03547488431644
-12.3373104512101
8.99859470687361
4.89912397756181
8.11863983406383
2.25231624811149
6.57503807781238
11.446758247929
16.7887816121059
6.12762938322247
19.9656791181868
21.6381266901164
14.359581496576
2.38996307444566
-10.2638349731928
1.02900298812653
3.61960455973176
-2.53436977130091
10.7028444969418
0.0349290649004311
3.96205166879347
12.9509572800232
4.1256608920159
12.6809257996299
-0.0937169244640402
4.04211181918165
-1.62728680918678
8.62097791013669
0.228816943860682
11.7332179654105
11.3516804611183
11.081731141486
4.25036726556739
5.30009300185475
-0.238005904983411
13.2745717882963
9.75666377638197
1.39873445962941
9.32765620487614
1.37787093476536
21.5125808184212
7.64512422733605
17.5936775706789
9.83453192245458
2.39467106641348
13.5994665556404
3.28028280831489
14.450036036309
9.60227895920343
-0.324531421428216
2.24949133720109
6.41861409162992
4.00080117296175
5.06555821168834
11.4175673385789
5.84213549137835
10.8136710500985
1.01119887861255
14.3816941625567
7.44671668356403
10.8999736066246
4.85510169100541
-5.58797325779616
1.01256002580147
7.83322824215069
10.9591614838889
14.0805398800145
25.6906912773872
10.4891178804107
8.07603081896833
5.38313585788269
-0.676120662479833
18.7338719433808
7.83462112915079
8.62689771562616
7.34118274216844
-1.22581281875018
5.95038698735932
15.2672764540599
10.5670136819447
-0.225479597976621
3.18957031312357
3.69425149480725
1.16378019689923
-3.13287827597943
1.3262538882507
-13.8697615766696
6.4524468905959
12.919693662693
-10.2547782797402
13.4661091749633
3.5519462024992
7.03498120255373
9.51770945131051
3.50902625169709
13.5267919120608
8.76987064650407
10.9106685020704
-7.51200451275722
9.69356546276649
2.95316307691321
3.34328859672295
-2.30418041751225
3.02070627952693
7.19771880309458
-2.12269704571519
9.21340708144125
13.0467093355027
-7.33272569972948
11.7927175052396
4.36675254768018
5.87729248394396
-0.802490711328532
-3.68989933637929
5.02400611525731
20.3734492856947
13.5618372885425
14.3599608911963
20.1705846935296
3.78502906981503
3.47112431886778
9.48827536715802
7.71922551163789
18.8001828141209
22.7811836918087
-2.87040842003279
-2.56157226702452
11.8149736429757
0.593425680295591
7.96067141930483
9.78702213424166
13.8862782139546
5.17590542099787
10.7873246319035
-1.32496323008103
10.7635963515158
18.5667328540983
-1.30319825763068
1.71222482895763
8.72553594751593
6.51193646184725
14.4632520748677
2.04562927989412
13.5397899207291
-2.9776330845608
5.85873149832889
0.114426167418732
1.72310493035854
14.7911716908798
10.7413104494221
14.4748091845185
20.9233086191124
1.73307159692558
12.7787413928002
12.2941028246001
3.93059044335308
0.306918086499073
8.12862816464378
12.2486016427246
14.9641466941602
-0.268805590501293
6.23605730343201
16.7943360763317
6.32588499322085
8.0065546322345
0.958045242076917
9.85284550986049
4.0114828923657
3.2677436224729
1.78974518088759
0.030558038757697
12.3219544406656
-2.64215137735033
7.278703616592
10.4317178478984
21.9793373478138
5.67436515410782
20.9713762178013
3.95121561753555
11.4086231095507
11.657723192037
6.54528569819262
-11.4102445001107
8.07216839576366
16.2829338067262
-1.23445743261199
15.2955934816157
12.2870489456098
-3.88645221474785
10.8081520362055
-3.45906090588666
-0.720126389727609
9.38605780101303
13.982733946322
10.7721062664222
4.30469112535444
7.3811491444291
11.1530489940897
-4.54939640035376
10.561201772832
7.15027269497434
-5.46541285959955
14.774134059076
12.1864622245834
9.64906302791952
14.174445348267
5.80635820486827
10.760195874811
10.2759301774827
8.86036470645326
7.05309064663828
12.312756833903
21.3025164621158
5.43153975700373
-5.43339080422744
-5.09008336954953
11.018735762135
29.1520305275255
-1.00748541362018
4.30496599987887
11.8347084592948
7.84804714380829
-1.40682598580941
5.36348106879539
11.9488430078687
-1.11670310677774
2.07492351207213
-7.3973368505655
19.6066920938599
13.2523678299463
1.438470104151
16.3789954395527
-4.21313235903315
8.71395032029585
26.8753231261798
7.71295917622699
8.72633975867083
5.83164574169783
11.4131167719269
8.86432499424351
2.98908032591839
-1.08408172853794
12.4314913512643
12.2800620572146
-1.01952690601877
8.52005746312285
3.23173494049651
10.1872270161147
-3.07694327557637
12.1169867611012
3.02683684096562
7.49256004658494
5.54491335766214
-1.6003797473486
2.75277502298771
16.2576030942922
7.96422176920862
23.0903469793473
21.5257004938006
23.2286612403195
9.73572579002597
15.2883430379992
1.06078484815696
10.6686016203669
8.87583904139533
1.4461706567594
21.1724471622573
3.68483924386614
-0.50840472875222
8.3135465084731
12.2348843795313
9.59289301480556
13.3697484590975
15.0315690603772
16.0128817257572
3.73201330838883
3.91967109909914
13.9674297936945
7.40013524031828
13.6781978586879
7.99104653439818
3.4180537459878
7.01995781172345
20.8367607750255
3.69282684449613
7.69993849551976
18.1136346287534
12.4368991585228
9.9476061846361
8.54741484526307
23.5458322480773
5.46165637645632
3.35346242305736
7.64473609682217
6.81646509822831
3.60598259157574
8.52068688699723
7.30524434394141
11.0251348704032
8.16518154045481
22.9799930878114
3.13728273577904
-4.06976042054427
8.92631956383406
-1.50613258332558
7.76065968193602
1.47754548878598
9.54528073317815
3.11441728274011
-0.0831269179610865
7.2769201048652
7.93319840660066
-8.08247111502343
3.55203656378679
7.85488096788765
6.08285569709271
19.2261357907284
1.41890868495328
4.8599844244545
6.13458423413274
15.7737743547935
16.6701990716562
13.3746846591256
5.27519565912745
8.70268628292379
16.541045139109
9.10133156120673
3.81389800979719
15.6275323927114
9.68811478353156
-17.3090531210462
10.9728552606176
7.08397760973595
-10.8053722847584
13.3587413497191
8.57363130177801
6.43936649178213
8.20762058556214
7.54507979500821
8.72693031315941
6.72982191575219
11.8363667854678
7.50439104392671
21.1605224253547
-14.418264459587
2.52814586317999
5.11296898534904
1.69126201099167
18.8930619716598
8.73022581127269
-2.28822583556894
-1.7543096151334
-7.6435703807912
-6.74974961412788
-1.46522459503094
9.31067950203094
1.4051749462961
3.72723443875861
5.61184656812661
-5.81696898712749
7.86831670924872
13.0890233927938
11.8696395122563
4.30907811395109
5.12118344172309
6.46848241942406
3.56141124568538
0.174552544057157
18.5574812249826
4.97111602005768
-3.68999810388848
5.27920729878524
13.8199693125504
2.2574855948471
9.62350062389811
2.92171222900891
11.765606032968
18.1214859526346
3.56841633164639
-4.06127473850619
9.37158578768151
0.349156183083017
-0.781708540777667
7.04464051857108
6.70813678999162
6.09678131286917
2.22561255978672
-7.87527689653645
-4.58988416731793
18.5379493018882
1.75390439837042
6.42418728761679
11.9305844527485
-4.56347525398957
9.91308060377317
16.7227537040783
0.653412624462563
16.5144740513349
10.6110309231712
7.05249902331551
11.9451275400975
5.011311938127
-6.96735483723895
7.39661081344327
13.7604138588158
7.17136013075839
-9.68586738190248
10.10439634701
4.06623215579078
17.2679150971663
-2.38263572987666
-2.68269555946064
8.34103130914923
1.09559986715623
-11.2675469118281
20.7117775841688
1.06128519178995
8.36499186374089
0.217011666423526
-0.277100459616405
8.25854857255164
0.928318417146743
16.1540318375166
16.0098842161349
-1.39243907466218
11.4792046547706
-3.57879328322
3.138853464281
13.9557986889277
1.2928068970427
6.20687838242759
12.5809702361883
12.1219704167883
8.71439476686094
13.715372238324
5.08838235625484
-5.61003314416564
-1.31716190272087
2.32340921260098
10.437949514175
8.6140864228161
16.6730969636456
5.20012695342348
6.81507238883596
1.27531490666695
5.61218014063515
19.2454832480668
1.61185924605877
18.9650322793011
26.6421550796014
-4.01837023657178
-2.81867259193763
14.6616955382104
4.56793999164806
16.5508769698643
30.2780899842752
8.22852145878606
12.3396254803684
11.9616176508903
12.3231449793008
-3.47456031359987
1.34447111770662
11.8873585051269
5.29251864757149
6.13432452477333
12.6948375056594
8.46201369213035
7.74992488967426
15.4836801670114
-4.8399215053087
14.2110362488046
13.9166082881965
11.5815276736339
6.57661194085504
7.32796626102243
19.732924411028
5.74517482533082
10.1148410352964
8.93293559170266
10.2516580052431
5.68295638031084
9.06014670471501
8.20870619946742
15.6040230819992
1.22804394072713
-0.365927015755408
-1.00034886794559
-4.64875701760496
-6.67559131114053
0.00786146911549923
-3.83157414222718
-1.96016196732788
-10.7076456881518
4.38682641393896
2.27794281793524
-4.62006219802957
8.74679736363179
6.88958864062897
1.53137742695347
-11.7664937518178
12.3122776592575
6.44405578808126
-2.87415466335941
14.0752526815894
14.0584024295239
5.90830504905144
-2.1554488625331
-1.17440265952003
3.29169631804793
0.0621945996791442
26.8353077634333
9.58009581082151
10.3743151650452
1.60914242947026
6.02789291455117
6.2628071025441
18.8207249074658
16.5261069062606
-0.759816244117791
17.2875366406643
10.5488481675993
6.59530609342706
0.546720443340346
3.86474781108737
17.4014067932761
5.30660198184723
6.76420869912212
18.8969768590786
4.89723323850191
5.70083563623906
-7.14965109461939
11.412611602377
3.56480389184394
0.0454034049036483
13.7222228855722
-0.699887790424789
-4.18929640124394
6.11624553599116
16.823618808512
13.35028831401
1.8654358441029
13.38182257442
12.5072763397705
-4.24699061299046
13.3407732167393
10.319471489963
17.2347133318381
-5.86409486875996
6.19876732307729
6.70509803583127
19.978846546995
-5.70191224590083
24.4237346889663
3.13092089791433
25.1202189160493
2.35543599857504
14.3786975674664
1.46330899426079
5.02460166043283
16.9882677766777
23.2894062527626
17.2023522778438
15.3575629614448
4.81012194998178
1.13017370835944
24.1665470640035
20.3484744227442
10.5957191641474
1.36033261200717
1.41079788599446
5.08314914847856
6.17807627692049
8.542777624694
16.7709610933671
0.182810012498793
13.909729909723
14.499467335812
12.074121364818
1.76867971371978
-10.1594093987222
21.9709970385518
12.2256270888372
-4.48494118517775
8.85739459219906
4.48225822283878
-0.812857045015242
8.94758259459756
4.02943992122355
10.5010927447233
8.0405602442416
10.2712732898104
15.6116567797976
-1.44562209516316
6.64916476640454
0.279144648231642
-5.38493499545758
-5.69660705566594
11.9291558968614
16.9574417341968
-4.31512581676152
9.08268503365418
-1.66424473443229
13.8392147855978
2.0853439362648
0.454760197923678
8.54538369763294
7.85562660607731
4.53542986193605
7.72006886708205
12.9112010754356
6.31166063492178
9.54763284599333
2.61478843808728
17.6059421837969
8.89928881140471
20.6745342058087
6.9552437959929
2.84879292619495
7.93543246966635
4.29714783608778
18.6428496053108
4.05740869477093
4.49253259866752
-2.6829299380838
9.89061824378353
4.52046559722823
17.2486148802126
11.7494868289529
19.9167625457331
7.88243975412142
7.07062616411449
-3.53642093029217
12.7494635994182
-4.30268591304825
15.2738788563973
15.500446613212
10.7747694430895
13.5831213303322
8.68773636623643
15.5228072952901
9.96456706517894
13.4298032201599
15.7259716893573
16.2928248464716
2.93171041215731
9.93275789910184
1.87849877284198
6.5430693541331
-6.65181107118616
12.7361631280666
14.6501211648836
9.58456517692451
20.7544218166641
-5.24982347646561
23.7814262808231
15.605813016836
10.3409456078614
-8.81286768908558
-3.30203801522843
12.9902893313729
9.62523519507296
5.67330746903149
4.8278519320723
5.75959802464667
5.73626661089173
0.128308511482056
-6.50684356617316
7.39290742790665
11.7351845722876
6.28713723810902
-2.07242623832235
12.5976192034092
-2.21598248390061
-7.17846369509274
8.51290650631045
2.51762665732412
7.42652711588293
-0.151440199359679
18.8806710771087
0.848403962675429
-5.52707441488621
17.6111419784277
0.281754023387684
7.73175220831456
11.3145838503683
11.8823608852494
12.7786336822732
19.3982707720646
-10.1040503447232
10.7224686900603
12.9810911765407
14.4415751557123
2.69985546180486
9.99423486291194
8.05803075070862
-3.01584355680973
7.69430456012124
8.44707627334465
9.10197338804217
7.02847443471171
14.5255906782215
12.3358395359178
9.44524957714743
11.6735663200387
5.4061887652392
-1.28775621339714
13.2716331758263
6.44274899532696
13.018437216897
5.849400649056
18.9902568053433
-1.96341924296164
8.53090465798499
-14.3176602598088
4.59454119984229
17.0045042905599
9.33204880590292
15.4277008101063
9.11913505326602
7.35685026104594
0.107530575798723
-1.54877110370712
18.8242313830884
15.5415599335022
-6.29955178021301
7.40610798466085
6.41196608122328
17.4124820756337
12.9237987985738
7.11224228159552
14.5809986716506
-3.36085768024474
6.94491246871972
10.8861861476626
17.4232321251762
7.61356550431326
-1.08294998600043
14.6025787053635
5.18045974167965
19.3090372114413
14.9518322987744
18.9422819522294
0.73180131170029
18.8417807471631
1.70390134426224
7.08609137744352
15.580280122338
20.2291793013589
4.30444500740882
10.1115037700205
-3.71568394453882
4.89333699644279
16.1691373640118
14.7052936404574
3.66540883430932
9.85410107453459
-3.56499548436421
17.5789499559464
10.8405094794572
15.8689242580884
14.7149284578506
7.94488758351061
-11.6414694171216
-5.1562408415168
11.8287198220525
8.95237969405779
6.1615291092014
5.87469316872147
19.991363321785
-0.203274780527158
14.6200637778121
-2.00116268576755
11.3320306339362
-3.31691338803899
-3.23550074316638
9.91176080480695
-2.17811729118739
5.45983560687731
3.7898673312729
11.9361291804608
11.3786940108265
3.13020064643861
8.47790332687108
11.0536781334894
10.8226242789511
20.3659319399507
6.24521393897262
9.25188880639602
15.3047364734635
4.0992823990744
20.5928881165406
8.14597205313804
14.5040041367888
13.3154459714573
16.7340531654892
4.65496067537424
6.73017771399382
5.30222680732593
0.777671441271345
-1.46606156989465
16.1070841637238
22.8325734859687
6.90468026227181
-2.31395712422707
6.65412707478269
8.57316192148029
3.75128259762855
14.5479069039861
-4.55466491419221
8.62178995090423
3.71435899999089
-6.14726365755323
9.50661102452045
6.64379528236014
10.9723930655282
5.06239171655113
22.4065674312402
11.9301477617506
14.5839347904772
-1.22447422838463
7.29649358178693
-0.0803297220180013
13.2703197362274
4.1961556154885
14.2787881577492
11.0833302121689
-6.32580541816272
7.35717414506071
4.15649176634855
-0.346905429662035
12.7489727708147
-0.361664177537786
1.6670984956736
15.4143799544021
-6.76589347524384
2.65459365008838
2.68363743616682
1.24725208223073
-9.25717204555018
4.4495970648825
-6.41675732938419
12.943813654007
-0.0967894577548847
0.24355949313263
3.04217025051761
4.41102673908602
11.1602602112476
9.54906481928565
2.63024862102432
16.830287391334
1.57057534210099
-0.232000121920706
11.8797108027138
1.65981026423253
12.2692239100786
7.90498842305758
3.93195373176282
8.6299583221359
-2.500137977593
16.3097898279365
1.44844869165706
11.7798393879409
10.8395218017631
10.5595215319041
16.8581980334882
4.67405413404048
9.7584324391466
10.2137599839459
2.34793441736074
1.89879550293787
19.8397690957205
11.703456024132
15.2040109660845
5.00767978905768
9.20957103437167
3.80998254500389
16.2199509968693
3.59624169143513
8.65764339375527
9.43580897612896
-4.36128386846815
6.03797281293571
26.5858860717924
-2.03797933129703
6.31924977057887
-15.7486840442551
10.3316504593465
1.86614181514556
18.6594737745014
-8.52026813925165
6.49989610496972
0.466172748221024
5.78396181899051
23.0512405545021
6.6499371887021
8.97503194800026
11.2520992150185
8.71562960640357
4.05377075463415
15.5426544674282
14.2223682156631
7.80594513369523
-3.18433347657554
5.62482854151197
8.05652284529886
2.46853805001115
11.7108453253756
1.32828189264174
-1.79780187937246
4.66630148751308
3.85312622087846
-0.490355228039421
9.70606326475243
-1.30609951630595
3.47585912029685
3.95617553283256
2.12187406402484
12.2528679390819
6.03465382719686
21.5523186307151
7.48167483809719
17.4767416942326
12.3676889607027
0.99244715721478
6.17480398858188
8.38614954354997
7.86612490441504
16.9553086719592
10.7855167113383
14.1447872172187
5.70234350209031
7.61849317071847
5.33698070523478
10.2991328014703
8.21252107543232
22.0151856465785
3.01764535843491
12.815356917806
8.60345077908712
3.40161423136547
2.47190971675288
16.0686702562399
-1.44745315808105
-11.2743808407191
11.5119877233726
-0.17534683003712
6.2996307941588
20.5241691514995
11.184136507756
5.25990355692734
-0.667325170092549
7.09628163324215
2.41929708168535
15.8086070628641
4.67024750167566
2.75076991675334
4.89051550709976
4.1516780606379
16.9688300131746
2.5129833476243
7.84419821004949
9.06284292566123
-0.401143585387577
9.92265274655929
15.8345721003102
21.7922542469131
7.23974458610747
3.85556536485587
7.20452489500842
12.3132245542881
32.322461293789
4.2444430545262
10.0320445526345
7.15728994237578
7.53976649024141
9.31533559180982
14.4300777316218
2.96156161854956
19.525785200498
10.6049326026982
-3.23299213512237
17.4279856440238
15.9826364823707
-0.240910142103858
8.81168421548137
14.9426737927491
10.1441673722057
11.348168950288
18.7161242304954
4.923600123656
9.91044739173445
10.2993104925804
11.5951718693617
11.281183733646
14.3609836054071
1.26121023108002
9.22242826138016
14.7798931392837
-7.45349936327207
12.821436455764
6.02084996460137
2.83088505784039
0.732103759183477
7.14564559884743
17.4774721596689
9.76287656567039
3.53243548414888
7.38288965962789
5.91148035350952
6.19088233638361
14.1814795387556
3.11974122885849
2.47804197517738
-10.1481961722728
12.3317265037736
9.2799393233361
18.6170573124296
-3.46740855015231
0.563374846934215
5.04259594539164
2.51165383378358
16.7685658006663
27.8007738404645
11.3446163497875
-7.14294123227692
1.16468750591374
9.91856475194633
9.68921386808586
6.44349072714258
-1.19717237145911
22.2019304831021
8.43873833279402
14.948717736272
23.2719177791749
2.295907339869
2.20372925052271
15.1678624213472
1.9914444396334
7.77892174393688
2.20790094499995
16.3507044602239
15.1576900096878
-3.46573280272994
6.22783213074559
15.9635933512578
17.9026798694024
6.31389395380812
1.41797426480666
10.7953319701864
6.36116060938656
10.6721417927274
7.17975083719926
23.2594736386001
9.27152096949722
8.74132700369072
14.6767580402533
9.15918800441092
10.4653915098096
18.4998028587728
-14.4787364846359
-5.97257719020889
4.12639929688827
2.05795069718674
7.32491075708333
6.68973317500758
10.3331503203003
-8.06771399748304
13.2769843455962
-6.69213826978887
17.9670609141877
-2.68083975743686
7.15035984844597
6.31280293121378
12.2780380581202
-8.94377217735665
11.6363682076094
-11.6676260684444
9.02586469600043
12.7172955829425
17.6277550097492
10.7613909213203
7.44661736109582
6.82246630994269
3.50684634269571
16.5826567308936
13.309994064643
10.9626645308366
-2.99128958148313
8.26901733787668
-7.09703050363099
6.84190506404198
9.55359322274756
14.6379726202877
-1.21855678434671
14.1442681354201
13.8449307638496
9.96609255807151
2.75684238368431
-0.743475461706574
6.04921357200392
11.6064683324773
5.30139647616497
9.5936355635798
13.0372252065375
3.36819721532548
7.17439813170068
2.42851715526116
11.240914398482
5.31972170687866
7.62777137105616
6.54376738760188
8.46687532929596
18.2631858535059
11.6744204587862
10.2030717861147
8.67274105872709
19.2003377885678
6.31603780130188
12.64533272989
5.86338963751479
15.3521921621339
11.669793385312
0.635885343736259
5.12265133603176
15.6689226351721
-1.57444860680734
4.47976662875826
8.27303975940132
10.0846073585393
10.9189254503641
6.54847755165192
10.9458390639455
26.50806795307
8.92191755519072
20.3307095403
13.7398284923424
15.5430584111387
6.29282873805944
-6.28171933258445
10.6388936094468
6.83361087540749
3.98121254552689
5.72843956567664
17.7552788592445
-1.42622993370008
25.2226941513358
12.3741213296778
12.7886714700217
6.73157593662966
12.4118473355928
5.09364592238364
10.330948318012
5.63346277015355
9.29137912436245
12.685848174476
6.53008065632489
-5.84720485042529
-1.08004363096967
3.16820569875309
0.3807294732603
2.44590295557938
15.6629843049782
14.593487440133
8.1913532684863
3.25346692540818
19.4349911079346
5.74973042758536
-0.655007942720591
8.70417870978844
0.624411185158591
4.26650765948526
5.5253731506664
24.5403826232714
7.69785180570587
14.3719136531688
6.71139172587489
9.87800093139219
13.0910182199374
15.0748955961601
7.71080409965851
3.91893757010313
10.6903018083763
-1.00495850861415
17.2255797182681
6.94515883322796
9.97937088181265
16.1840126502794
12.6891380264972
12.9016109630878
4.08362489285725
15.1904950508153
17.3206352112343
10.3887080740388
4.30459935005717
13.2814722762659
9.37431076795219
-1.52913017051554
15.062724254506
-3.44132831940439
0.79867336764256
5.81896742312372
2.05753701765688
11.5603511153207
4.12675887388379
9.41941184938585
13.6172312321924
5.16264750767017
-1.21666267934664
26.8274905358074
8.53059059132929
11.9376500234678
13.9321182817307
13.090573926717
-11.1089535450059
8.29092687552835
13.4691745740738
10.7472185854427
7.71504463514861
4.69282794164685
7.69054202464298
8.97777424340636
3.18733527591711
4.6522416946502
7.46333363258877
11.1373801743068
-13.1358120722382
18.4290916744724
2.81481542417641
8.45571458192286
-1.22576563843007
9.97590091475824
15.9505649380264
14.8178382877467
9.9213923837627
-0.632714719583438
8.42563467907335
5.18884624733979
16.4669443023997
-2.77204865554359
14.1134531156972
7.89449337767578
4.44176281706189
2.19712743472
-3.20380925012973
6.32823791013218
3.21333871092857
-0.415556441569308
15.3280069346039
0.886697675515854
17.9348452989136
8.26211441029293
15.9051654065659
4.16170168434024
4.68981202781902
-4.01232879295304
-1.18267062538874
5.95834404063598
16.5870982145328
10.6742394140404
4.29405459810179
6.5988379901092
4.78844510584219
2.11273719251976
3.92139047877202
5.22883932096252
-3.15115469318403
6.48047625475421
6.95054999559666
9.89809051997423
5.80317078895002
5.48171367815652
-5.97683430641313
3.73649096593826
-1.73928301219222
4.60562964098329
8.26701182294496
2.02225143359005
1.09605073006112
-5.13514274517937
17.6444880627875
6.41288781515855
6.28553486319284
-6.17473526548647
15.1346758261485
10.1140673092863
9.86444253509064
2.0444269002961
10.7670732123138
5.1689235420261
8.61007688043897
-8.51260446024444
2.5533754030868
-2.98908974764438
1.79468250888685
1.8484762679125
7.35216312369103
1.59743671864144
16.5338860968942
11.7828938875085
-9.69708099854439
-0.00380554836537467
9.37949286552548
16.0856839271304
-0.347797183262985
5.3644838917987
3.66676492611
17.9710429275779
4.89595011689054
13.0088928050918
-1.11662227398762
10.8958580093126
21.9198330820118
5.02782529739262
7.85834249516232
11.3391655860222
7.26209043141827
22.6564712456872
2.14205448474563
12.6922166340473
5.44174675367981
12.6145687576289
22.5165400138602
-6.67269954080015
-1.29289069999544
11.9814074322964
9.79235075639229
4.81495161703849
9.90089358667922
13.0527217823015
14.7730310407501
9.6287058454836
6.44020607988764
6.83322166278526
4.16213833451011
17.155291400966
11.0701246899155
9.71876248516332
-2.01779685986261
8.29276778095375
9.21737747237516
10.283798705023
7.09950031264171
11.786865892323
3.47526439630435
20.1610517237263
5.9566034736483
16.6631387106923
16.6226009703183
15.0145852099712
11.7512283674443
9.71130917528495
3.51213055925596
12.0095261420744
12.7676774574437
7.17347755122005
28.1120667547151
12.3567737704059
0.43046774027495
3.63201049705067
27.8517717382255
2.9875019346879
10.9275033173312
11.4900516607595
4.06708461810396
-11.9889771921054
-3.00763014037235
-0.120981333392144
2.67033322431523
17.6751163106079
12.5878287687317
14.6261170193338
10.7638483128442
26.8671439926365
7.68000648698124
7.91430383610336
16.6540641793883
2.11538908087388
-4.06098089318274
14.698887833689
10.6952307663966
7.74324203181281
1.75466139618379
23.6305403827101
2.14980604649507
12.9754507398579
-0.217978458548823
16.8709721654349
15.1538583200129
3.92138177836851
13.4948568855459
-4.70521040626836
8.97797520003802
10.2267133270492
5.07342779932416
5.98774076897846
9.17483270966392
0.102369204546263
1.22241363306886
9.79105149991224
7.25968839960781
9.13167553750639
8.68724736772896
5.23255218259276
7.55855094443544
8.48748252628093
-3.31547196864383
5.62961669113729
-1.94710636847687
6.48369695180574
-4.99389942843878
14.2242635542995
5.46462127624113
5.18483400707425
-0.0866236143319369
8.7888933445407
10.475153057624
5.20584503400236
9.04422620529322
4.80427058202795
21.2081999592893
-0.0972482118402715
7.75707872419868
-10.022167867469
-16.9087058823227
9.85928856316197
8.96707507795223
11.3606452249765
12.8710628815218
18.8208479290522
9.18037976367166
-3.36303995268518
0.593430834168979
8.98349767146335
10.8736613245591
2.40202334857867
10.4987182790399
4.90969905109965
6.9010784873266
7.29747423058959
5.53562251650807
0.591542182280608
17.8570244470935
9.282250487516
11.8204443889932
14.617643071126
-3.39630291190933
11.147951014928
8.48771603351159
9.03735774321716
-3.87750880262741
17.5417915477213
9.18168949168193
11.0628511625476
12.1287950070346
10.4911428934296
3.69714597944116
-0.599516585367851
16.9034573145568
14.2582973617838
1.0893504844974
-6.06859557509854
4.54019685536702
7.085324655572
11.2123940067518
8.50962031753261
4.9843525393778
8.80833910212921
17.0569181102163
15.1946482285725
-2.6373255124982
4.64205914233561
16.0793091082482
6.93262385127789
6.76331363131392
22.605370538947
1.8372420150077
13.2189140825934
10.6776928924193
3.37971142200574
12.5461320857351
7.37199872041114
5.1670346589981
1.20976139810409
3.93250480769088
9.06111070991658
5.84678388849743
8.72988705943663
15.5817384932466
16.9410948074856
10.5635893756847
4.26429991938917
0.873064056025199
8.78385913491677
7.52799709483757
8.34525319004789
1.24146666371738
12.9887410212628
13.3056804264949
6.13926444511893
-2.54232842706044
-2.88397566627887
3.9264934470373
-6.92073616174986
-0.507754454675756
3.00469614111549
-2.4024640209571
23.2293443394233
18.1691493755191
12.6768445371787
9.26832991393113
-2.15468080384308
14.3945299332507
12.5569219596745
1.09900434748607
17.6559904705361
-6.66246649205893
9.96581171306013
-3.29143384610065
7.18122592509475
1.6975624266052
9.42464105483645
3.30137874022601
-6.53280265206759
13.2831156671916
12.7384916575768
11.9204122923427
11.918497732867
17.2162651429341
3.46220225345608
11.0433179200242
8.25750479000958
1.10922093269362
12.8556809033889
8.63578258257501
2.7233808798682
10.9260614412909
10.6866742691446
7.83773371089507
17.6741176464792
19.8922146011607
-3.31163898399692
20.0553516070832
0.0268801930596717
4.60402503847959
3.74877002769842
13.3390238293965
8.24079897526703
0.918552942485658
22.0768108908023
11.3838379618978
4.77637785234684
4.24921444302909
14.2076108252291
14.9065992059445
-6.03979175924507
25.079118652908
2.12389451435066
-0.63206433986798
-3.88454449569573
1.44289218187436
2.68456286466705
10.7316027405926
1.1270911586271
-3.01581783789583
14.0518970408562
4.78923343295306
17.2905795534921
18.7415708269226
3.28633567410155
-6.7647492589715
15.6841069910857
12.7512675669071
15.7520945141792
14.6251677285178
-10.391429854241
-4.63620185191435
5.50990291696192
0.397019395091496
1.7887089168614
-4.0416470193396
7.9368495550046
-4.01509212038586
13.3020830565048
0.218116708413698
8.14181539747185
9.44289280798347
1.78925736048252
13.2977774866348
13.4022497556134
17.1790192124048
15.861580145967
0.457958874899143
13.6962402418332
10.6194677790568
13.9382971373361
10.2448189779264
4.09493083611662
4.83922661651633
2.12022265009845
-6.21388986310531
2.47875973118767
-8.81160505049173
3.71768415819236
2.79917094073204
3.05442230776973
12.7625673235496
1.88506116270255
10.6704209245538
20.7724136341449
-0.346661409578983
2.47896298181702
5.96596136733706
15.2416777627248
12.2694356740392
13.3228541172347
11.0096935185394
3.70055754312071
7.36668867780504
20.079755196981
11.8728511054772
8.92052871784057
5.80573704138242
4.63364126703329
10.6975362136611
27.9836835763216
9.84293966601564
13.9233161089381
18.122044756335
10.1679014753901
5.21333231264044
10.4051963868213
9.47735944967164
16.3210193516118
1.70831584090489
5.57540757085661
8.43578694238767
19.3170275409549
2.34649509181355
6.82238563891434
8.49236340593445
15.4746254703645
18.9871243923834
2.53568340280583
-3.23177825233462
0.104214367063946
12.0401715817632
4.94992891813279
9.15294775595437
17.8207934072991
16.3890069542775
8.87832717287785
9.08810795907426
4.92454899840128
7.9698840666824
12.1953326311393
8.35320779614109
4.77525150404161
6.21190159138443
10.8591634257171
4.59499358883631
7.83776965538167
5.01638801360625
15.6858303179542
16.321555506168
20.5787072400447
26.5141001026131
12.7658433271627
8.55116705945824
12.3741201803553
12.6947358675448
17.5085271932973
16.2455224723512
11.8985933979959
2.81105137061359
13.0324139095559
4.17827513778843
-8.50253030199247
15.7934426998925
-8.38330892955057
16.3482538360626
12.73019234331
2.21614778458218
5.07348429100155
1.19785194648956
-0.806182186041705
-12.525989952815
11.7538002091172
0.192695401402313
8.8384892777678
2.0199836432159
2.42423927467252
-9.15959118651434
10.8649955404885
8.46519300238687
11.7556981321362
8.4018733992701
4.89822026570154
5.18218881861779
-18.2274835236591
19.457224542258
-0.555865183071023
0.201954522408352
5.16643075000983
2.25419098360966
7.40938412233145
-2.16644964765206
7.36086081349854
-0.146788423166271
-3.88955728712488
20.5805619684041
16.4793721870982
31.7853690469906
27.9609154552503
11.4880124250885
-5.52876841987644
25.261385090966
-1.54290223253497
7.41812673999183
-4.16762214331776
8.63586202775425
10.4670252718293
18.1775798061032
9.16301659375413
13.7469561509688
7.4171104061407
11.049179037233
5.72877638034906
17.1985503102918
-1.83671330467435
19.7662449037337
9.53642246166817
1.36683248565862
13.8601399496277
14.2094646758233
18.4603257180197
26.8201588404731
7.94735494480401
7.79713363761847
8.01423589679389
5.83343559634979
6.3781676984322
6.65399629873936
-3.39895317541572
16.2980360403339
0.771796664553906
3.45617084222111
2.92778425620635
2.32491938781476
7.51804133489
-1.78647455005264
11.8465700287673
14.9644619324525
1.36297376948398
8.7595865275508
11.465372013185
5.16516700576864
-0.13819929584112
-4.29568548099181
14.266660041703
21.8493625649652
-0.287640829799208
7.80781186792689
21.5441029947921
16.0616751006509
-3.82255194485099
4.51037466239867
9.65453469098256
0.772490412962319
6.77553048238767
10.0617962092868
18.1794648459439
4.96375068034869
15.0684781817319
5.07896982407837
6.07502883579087
7.85222367112219
0.327528158355369
20.2971845505862
9.43450209929134
12.4825924048725
3.77959244649439
-5.30094004486108
5.40753097324695
-7.62114222463155
11.5086074304679
-3.83145365533488
6.1586090080967
3.20455385887078
18.1749255482305
9.85248898570394
-6.88403619535908
4.89128456228424
6.92738578876398
10.5628940782102
5.81954137194264
19.3314511428374
7.48363026770621
-3.84793817903168
6.50950330958038
0.0820468364956943
7.83021631234493
-5.13284020179809
7.44490786252897
6.40212160969645
17.8567071666078
9.3526824832518
9.56340577409195
-10.6792947524719
9.32349496315116
-1.3051257535374
10.5944388981122
10.9364497244376
6.02236376821063
6.59822874085274
13.3410795751574
-8.4509761664051
-0.422964880051751
20.4756957761588
-0.222891755270121
4.4052193854458
8.41921901343436
7.57996125532517
-5.65629461419021
-0.854829817961917
8.27027447367659
15.4307246899428
-5.07998211669836
-2.11962166689507
2.65535686350161
8.70095976154306
8.03659295612808
10.6709920277606
7.32409258466229
9.0349096661686
16.0557660378753
21.2519589224081
17.835981956712
5.59260926119848
-1.26999160729452
15.5963384434527
18.7250371860892
-5.1478458945427
11.8230946696001
5.08201995118966
0.889320913370959
-1.97122041304397
20.08486710163
7.49084438721729
12.2149552166305
-6.1569067746879
3.92709940699381
12.6284427133847
-10.829667311533
3.98396247427251
18.5260624067067
4.75228336506656
14.8788986744611
22.5109953960724
8.26380244337155
5.45535752834944
0.48690605349567
3.3646653311774
-4.53480988078262
13.7001572633474
5.8682831918385
7.82246080212362
12.1241422074593
3.37812027623553
19.0180214715536
3.84357221236279
2.26981148645398
6.91634230592553
14.0103072320986
-1.61326772284512
10.7237097474474
-1.14544163138165
-11.895588312185
12.2765379500668
8.72926434276184
-2.83808528348508
-2.07636319048917
4.49760294094925
1.87876114654646
-2.76927068778139
7.70274829188145
-0.22500275587617
15.5905775651804
6.77755228428142
4.08296376531812
8.62436890238347
13.0140458687682
21.5909107329902
-6.91709063657377
15.2299064527868
15.5985999351224
22.4698669977876
19.3604060681046
8.81299304824404
2.19943650018812
4.4217540183101
21.2639129188735
12.1258402174758
3.79873505806538
10.3954135586074
10.6220630586384
11.6277208608828
4.89537089144141
8.91752276240714
3.93370752347774
14.2157204704212
14.4126513276623
5.33434973373004
14.0767167635127
-5.44397078744511
6.7015264525116
6.91037203152036
7.7993372884519
3.37673643578608
5.26194820236204
-4.08597459906572
6.3141820528661
7.34980617321495
-1.72058087595666
15.7888990984817
10.6235258311394
13.7890300539567
10.9609908779139
9.04674116094385
7.04901990600572
6.25504112148969
2.67805638638845
5.53240616798387
7.54703701096491
12.6559378882843
22.2320019393398
8.03260918374666
5.35364249242178
7.12413813514933
8.04447481142984
3.46562117015988
5.26469934491355
-1.12529264314629
12.4207274836736
17.9385656494523
18.7701868015214
22.562426309626
7.80709006450941
6.4384979367311
-1.21116082982541
10.1650848241186
15.5593779030652
8.5100690148926
-6.06122377940997
12.8392725488902
12.6416107755942
4.11792156984433
12.3198008653472
0.17912659747485
-1.96063345021876
14.9693011397243
20.4989774760998
12.0843035943941
-1.70859765348879
-1.21912139296171
7.17701679146069
5.59757518923582
3.57626389296629
11.0252393604728
4.12787831145048
12.3097314779227
1.92552866475971
11.7085773853485
3.41846596706608
6.56148648579418
2.0555948794289
-1.3873746743633
2.97720409041168
20.3314058863481
18.6661461575681
14.3682312639141
-0.916472349782449
0.901700317623687
-8.74105825862398
8.56806536567579
15.1085895630326
1.26245007645365
19.3349741281071
10.0121293243021
5.11275489819028
2.63233460034504
-3.03465537920341
10.1420375058311
8.39330200235153
10.2897377478131
-2.06168972837288
2.24700638216889
-0.187544138013311
19.5050647872771
5.94232384746414
0.836944202723409
11.5252952209092
21.6509550571368
8.48673138414432
5.2582267193179
16.7201269911478
9.78035875457979
8.28615601302046
29.069181929549
0.183457258339202
14.2018466188518
4.79617473483536
10.5908340985405
8.65724254857231
-1.06968805983799
6.25836137972955
-12.9801608379387
9.38787925844894
9.25075863285412
12.999543762026
9.3000618163151
9.67669506494458
21.0537562394482
3.49075814543191
2.75692351235863
-4.7565927659609
12.8338164380471
-0.321817174391063
10.474970997126
-6.0792226478493
6.50255306020309
14.4442668246612
2.72535261081925
1.05240280217348
6.39146942122439
5.40425750872648
-0.362807922995618
2.24732420753059
11.9297904861093
8.6967201066514
14.8650047839561
13.8526116621919
18.5014911400998
23.36996177695
10.0433850511745
7.1931097986464
9.96931080093279
18.180689488913
7.83156546153756
11.7823634807315
5.80001526818881
6.37228982779832
6.96022510019176
6.28910624146921
19.4625804370059
11.9796037305365
4.34866647301775
11.6936997951041
-2.00323501839003
-3.29787945762729
16.0253217885843
14.1354264845101
18.1070999691524
2.48925230944119
10.8318820082925
17.0506072159592
-10.2585374900089
9.01464162149028
8.82013388918929
11.6412054394523
4.8284966992267
10.9756274110993
3.65165261088897
11.841578004907
19.1689162180953
6.01919339881946
3.58806402743317
0.546716845089565
-2.01992104290344
10.0009553971543
17.2235639004825
7.01958439929606
-3.63352861787451
16.8787066879399
8.37115367123427
-0.666343634727409
7.46227668786464
7.91995683093664
18.6609559835321
2.535834400275
13.5245206759907
9.29815100461358
7.25405931093113
-0.000162598811034309
7.92657416186313
12.0180583567055
-0.375085628532072
8.17945718076908
-4.23720727266071
2.63263502930653
27.0528688413843
7.09093941963286
2.7008895470487
19.2720193693414
4.3656078318537
12.0010043032103
7.12277593861168
12.5226824752438
4.22746833268382
10.5116854701952
14.0138001437359
8.36282632908537
2.55515967995431
19.2872003266448
7.35050178517905
9.53842176767043
7.2262236126382
-4.8037452437906
12.1618558206561
9.4954456879354
4.16425838140009
13.4811491696063
10.546026255686
8.36202245304562
7.95288482787706
14.2327797718088
14.3393616424837
19.9743694728218
3.26270217197503
8.98200817986413
3.71668624901282
22.7065191880025
9.60115072641948
-3.39557707925694
-3.16073999738249
3.5861538411931
13.3391945906688
15.169570280645
14.295318574526
16.1069578421389
8.14736946852337
-0.249899471738083
-9.96763727498143
8.87565045745988
12.2279504912435
3.9294857316059
-7.08813613322051
3.61426754781572
9.01748215060287
3.8531710279306
-0.748090416458431
22.407012912215
17.1556852955167
16.3638931026076
-2.39466748411812
-2.81520876949784
9.29675876050786
2.19741476520999
4.13424037302082
-2.63069066176593
8.51855609745272
-12.389442231976
14.3869793467697
-3.85625033795896
5.06332784218495
5.16319984606799
-13.1309286517796
13.2916120825555
17.3064463326326
5.83385018774932
1.39415157079328
9.39940187796087
6.94823598845219
-4.10665642745823
27.7095756045463
8.52348734920726
12.5195481545466
5.43812787886729
4.14850495046423
-3.99808055004212
6.64983645371903
-9.06086334037052
5.65402836244334
12.824248495407
-2.16663912380474
6.66040995419679
11.8184358752555
9.5460240916671
16.1358406789635
11.5738579159537
11.8390176103882
8.85096139438639
3.46627838794399
2.78965230931273
20.6710670156509
2.62421926396783
4.34870836115399
18.347419528975
4.93031989858542
8.17967649751631
5.55778020685198
1.85990988377098
3.08830235268137
15.2818463676778
10.8438134409996
4.03175790036873
3.58458069160163
3.57979149976621
6.17532870418589
6.04651159260516
3.91668651518127
6.15321441164908
14.8717879935926
-11.5701585792656
13.5459350644991
17.5517241685353
6.49209936577174
-2.20964777324861
8.8911530066305
9.55030040828677
9.84891262721974
18.3827423152365
1.62474105673544
14.1805450647585
10.3625491229375
-3.90857045804074
2.81796002065663
5.37141915499003
14.3450868967641
-0.793484777890219
9.35365302008061
5.14907975686391
7.22311891035505
16.1119378496897
13.0404053910361
10.1243604819773
8.33571079843508
6.93155649612762
6.59218557854783
11.6994310549742
6.61311649682884
-3.20817181262258
18.6704142258454
1.97078427463156
7.41475652859596
14.678492544255
8.30077900934253
16.013964625268
-4.65458368754389
0.62490827332972
9.16299263613866
9.44944092766846
9.20511003237744
19.7764703788077
6.90712159627557
7.7569151121359
12.7415453617848
4.12534817160712
19.9440851448636
2.42070333488377
-0.299996912163387
0.731617316372266
9.87785305520446
15.608188565469
18.9115454332891
15.5596816715562
13.1659540113732
13.0562138976285
10.2171893804597
7.24271637267357
-0.660126697517158
13.6122709615042
10.2770031674476
8.70310565450344
18.7228118504009
8.87623626880112
10.808216982994
2.19807815481559
6.31270240870811
-13.0956480057027
15.0989315098392
15.5672972116076
11.0796798246748
8.3647400772375
7.59238770572141
31.7859171660198
-4.77964947126477
-2.80690550793661
11.6611268877021
1.59105709346942
-6.55499649567167
10.0977605202672
10.2164631723835
7.92543496128255
16.7223835440871
11.8841768289338
10.5682257267864
18.2691731394323
20.2944895796397
7.09317546567261
2.94286300865593
2.7864358834987
10.4452008941916
4.96804249336147
8.10428954618519
8.48636977864833
5.98855573223693
8.74223237638781
18.5832135109131
13.0854027236211
0.0549575098138928
8.57545555669279
7.59488809563713
-5.73865089442629
4.09256669107071
8.63507195308948
-1.46916211659627
11.6645436560145
3.46856481600818
15.5201173478179
16.5331900020425
2.38069343872293
6.14666948486297
8.5042730999547
-1.34082676672556
4.89093456090492
-5.65628899862412
6.03021172081404
12.9293100237505
11.6628350052477
15.9452323373939
10.2214378240564
7.33873840679972
16.5556510347256
10.3791617840029
10.5086702669331
-2.46442099140767
7.1159118228147
8.30320857458704
-3.11484156205128
13.9150207769289
9.66646427126113
-6.3029622814801
9.52859469933068
5.14045113214026
2.25752363154457
9.13492145852075
-9.36081248120935
6.24234618604434
15.172330320993
11.1002666301371
17.1160725628532
5.81566138205129
12.4058444472871
1.22104227406611
8.94700647196204
10.431901190312
-2.83097124593479
6.41669528003378
0.288379482749715
5.9299623593423
0.609923505563233
5.78435213009498
-1.8712156189002
3.12089137322363
-0.12105915763499
-10.0984716013992
17.6847711836785
8.19350695287386
7.94290755433846
19.1023166796032
13.4255948967436
5.05001852971219
4.65779200657981
-0.874378496436103
17.1142251013138
1.48111965469246
14.5860776583948
16.9812211802914
-10.4242443266122
21.7178468228558
10.7793917053617
-7.32923986024376
13.0238939652407
10.2102589849393
15.6688033240005
0.947213662496867
-1.69072786409295
4.56935375743959
9.6239546086592
8.50102098226447
9.73083349843589
12.7611601686674
11.2087662726603
6.61087336792905
14.8403167444889
1.94790244615186
10.4614563649529
3.76718950638094
16.6222007435811
-7.06712290261669
5.77053863245469
5.87387848604291
2.89939318930498
-8.28144971224433
9.6147457628328
14.6720504051231
18.5280721633524
-4.43539726337454
15.2725690550193
17.4669520298098
12.4775292242428
10.0093416988475
-9.55548548960195
11.4189624215978
2.82378060493622
2.7974837610121
-4.75111111041031
4.05510715038408
13.6295175908363
15.2587764715232
20.2978874383805
0.551457934062365
10.8589469663758
2.14466986035612
8.26210380017636
9.65502716156365
-1.7405896044046
-17.3289495063725
4.48860630357981
21.4491986906906
12.8499235441821
13.6042711802438
16.0874769018896
8.76317426841862
11.4642157408539
3.55447333008978
2.68556354176687
10.023632145919
3.47993106606957
-3.51764759232693
6.83088002022733
19.4705665740613
-6.96597934993657
14.061952102663
6.44448362050047
12.684770427608
15.9681239096117
11.3049817591014
4.84983335059813
8.3587316101882
4.69571153239123
8.08057515318942
8.55135095454638
13.3233847345316
3.64369226077353
7.53107993215688
1.3777398964748
14.1245489199013
3.76487857739564
9.60919679767519
-1.10437908431154
5.80691946306136
6.94687135049683
10.3878126037134
15.7756846430892
7.67062008998552
11.0272153981218
4.12261115085585
8.64418906792138
19.2693040710949
-2.02465495272716
13.3061993776251
9.2871300889505
5.30333184255501
6.97987940185995
-2.42133500961893
0.757301246223084
10.1748365945774
-0.61210099009333
5.05699608978602
14.7697635283045
12.0641573615424
4.58363311258252
15.3924689997716
11.785357380435
13.3341505492602
13.4723652699094
3.36994109385438
19.2598976591763
15.2984088992262
12.3460289926599
5.59525492172554
11.6778152875301
8.99516621396189
4.99561262027229
-7.53144468326432
11.1012629742693
17.1001047146866
10.2662382251612
10.0513534546396
12.7286232056753
18.8498201742854
9.53613750827154
-5.76120083373902
0.763259056723562
12.7508937030038
8.1470172587804
16.8263452318825
19.6537035340717
17.8046847401665
11.8213375067034
8.22456729637329
12.6122245106895
15.3214408324056
-5.47565873721293
2.60102513424245
8.29225092976325
3.59809468770909
8.20686575826534
9.64555742795285
11.2533418534903
23.5398666956504
7.81810162364202
4.89964489724538
-6.87050928959149
13.7341797360807
7.68760742315773
7.67632748390878
3.59009582439933
3.07010786891589
12.7792871696741
13.5297102730119
0.311924582076399
12.9894491694259
3.05778117617267
-9.14157622246094
4.15363892567762
9.03541404561603
-4.49099396419404
7.63019355044872
6.04568083845002
23.4405239018009
-2.01463175756884
6.9998215970595
14.8475096633826
9.63585968667213
6.53341508711608
-5.2268745571118
6.52993569082163
-1.09553261181182
-6.62848658713309
9.47037423528763
-11.7489219585074
4.9586321177668
8.00039433227784
15.8324255991469
18.7749069658517
-1.70996896681607
7.31142849861206
18.383660951328
15.2810269872024
10.4371249760796
4.80809057702524
-0.30418680609614
11.9986802419534
9.22410261649219
14.3614835456403
22.9425117850389
6.3436327500147
3.14720259840881
14.0355513387514
15.9664216391245
19.6380386195356
4.09499840838148
5.89545897027385
9.9628947010569
8.92718699368767
8.81016985558415
-4.42852040032852
4.92297529388557
13.3264715066354
4.42201985909652
-3.88547967269845
13.861615487724
13.2720866824152
16.5414901592391
0.883692184235246
16.2618698996008
16.7955380094249
8.40550873436402
10.5390429780059
0.931859748904714
-1.48293989900341
7.73563334215477
12.3206304598915
-4.70768307874827
4.68066557362401
19.2882728810225
4.22275657854818
9.20980614862797
4.50184901092131
5.14052042140987
14.4771016517659
3.56878442753465
11.5760446843208
24.2205558483002
6.11441963013099
0.220929344228479
15.139141119895
18.3315560258435
13.0438951064435
0.338368197677035
8.00254509118608
4.55804684528591
2.14559792558557
1.15520078096636
8.14519411792641
5.54789502296486
-1.42202551013242
11.1597283810545
4.39068727501731
13.4365173877818
0.88704048605773
4.53787522470386
14.7180934219093
-1.91837615186386
5.9496446019554
2.4277890508656
-6.04670388547657
15.7341647932367
11.2608778620664
12.0086303061314
8.8403274413685
1.01575953266931
4.73113527887128
-5.9158366433262
3.62240901218435
8.55837508921532
-8.37341893350292
13.9130387567772
9.62278373134658
12.8152867393301
19.9035811188129
21.5173029482535
14.4996128875749
3.66964891593206
16.0649842102377
22.1165756692526
21.0718072841065
14.0920323863472
-0.414712128202328
6.88205702561123
18.1892218976465
10.6892820739927
5.72252080936159
0.199872465627656
4.01751939113306
18.7890186036467
7.77482191052498
-4.65909214568287
15.8633429769858
7.49559792072966
1.94868041783781
1.72451885676469
10.6780378530183
10.5461618888443
14.5141565546695
1.47434511876055
13.4359003921317
5.98777773791709
1.31590824022114
12.9101893995848
7.58238714016641
6.7395378851158
17.6499882234372
5.30984524060504
19.3855401565684
7.23795992845421
5.10090923885186
11.4176896116583
7.53188075604019
11.8706020081331
6.89135509163573
5.39101688351299
3.08298071588032
19.7687793749019
0.389504492862645
9.70247670178442
5.02135568011611
6.58350247432472
3.82092667890397
7.20948397037495
2.93391469938073
12.7838298219783
6.94073688155373
14.3006471332586
7.79865803025956
3.71603927156602
19.378348285448
8.23977370121026
-3.07950975556327
12.4259318319563
11.6835096382619
3.4954085556983
3.68578895253372
7.53739783938308
4.15764563926588
6.20274221361869
11.7462536871111
-3.47937598061469
15.9102590160886
7.81510190294293
9.65385120926883
11.3081466745401
13.2440102798942
10.9337151839195
7.03415026896995
7.51924129830204
1.5307590827113
11.9824652160886
15.0060178729104
6.39788093582061
3.15650347821672
10.0089497062885
20.1087962867536
5.73355871381977
4.83323301448896
-5.331613186603
4.69248114896086
3.62296022313007
7.62966970540203
5.80273339075911
6.21742622579101
13.5602166558009
8.68110239718762
1.18263072622923
-0.643969165720322
3.11737332381967
-5.47017635835049
11.4701220298781
15.3112561242206
9.30037693235204
-1.28062921773255
0.479083351612955
16.7779548977494
3.78765488830895
12.5714382374244
11.7475000838218
5.21175779545815
4.91680889269926
19.0967988150872
6.45646102741017
13.8199739781356
9.7848599965874
-8.08686585640087
8.38185425469592
-1.31688007401004
-4.79234138215525
4.80188732006965
1.2385472285181
9.09724492132782
-1.70853555974034
15.728467793589
12.8533245429991
1.16730348724084
26.790926375742
12.6211866526494
10.9841970026913
0.568211845607879
11.4725423999996
10.3471438079899
22.339805687588
1.03207945397278
4.29932580247287
8.22974743620343
13.9063392818851
8.59657122784049
12.4820257199014
17.660365413931
12.7570547786656
19.9473769350788
14.8398525798594
6.26165584439446
0.965220133795783
13.9303620160563
18.4658963797547
10.9251117218196
7.21889147880532
22.0243499019656
4.85254827670076
3.77533726775358
14.4196608608161
-2.79272765521215
10.6614365598199
6.55597478136772
13.5262817491485
5.86758079789426
8.58538721185276
-2.13974831178039
8.40383182509529
6.60561611608225
4.12486317927152
12.9115558483959
15.5615190248217
8.49797482897771
10.2690665101383
6.35122046301709
12.9397129213659
6.61270445845778
-2.962474061989
17.4856858843589
14.0357715496494
6.43878929478844
5.6657278748834
11.0455808329704
19.6339050929559
-3.43819776544344
18.5570217550643
14.122576057513
8.81280169874833
14.9686081686883
3.46954881994467
5.33696607151765
15.5635545089878
12.5695456124207
-7.68854220649071
22.8827280119841
3.16216384224548
3.50523123576732
8.90202905199297
3.07794497229753
3.97282529932008
-4.89651742665906
-1.4954339928719
21.7638606103772
7.57372899441192
11.6472621649105
0.917094386552983
4.65734182727828
13.3323493271208
2.69606138605303
7.33314495150321
18.1729506912761
9.83015777247113
4.78187215000789
15.5424762258228
11.4165357257301
6.45279507456484
-3.89238649686305
5.56500711542017
2.87297842779071
17.2241048558089
7.99022237450979
22.6808896125923
-2.40367299529359
6.40527931251881
4.07235463632395
-0.598463619965237
5.73405014363987
13.2267288161384
2.15838804821952
8.03556981788801
-3.91483020730664
10.842588576401
6.23704884900447
11.212655746676
16.6960913461188
9.92999916595718
9.1657218777766
0.555250813131503
7.35690599872949
18.6870543919708
13.1337104475534
-4.24800553854294
12.6000784195158
0.29032114426059
8.63167120568445
6.62678442648966
9.24896505837522
4.80813973233224
11.466526355759
17.5247736117474
12.783395818841
4.55871734860761
-1.21654294625468
-4.92384921474316
9.14313455446035
-2.13644104001028
-3.66880568234562
-1.42105487555112
8.09925108339366
8.82343065298216
-0.264926073388942
7.01077947590685
-2.15825202048679
11.7561991065622
8.57783597759311
9.97273788052953
1.32662547935515
17.4564147943786
11.8777081829012
0.737231341257686
-6.57052305155052
14.7461443651992
15.4896118613021
4.45518932975881
14.993160011483
5.82597366893209
7.64604848482926
12.8465270813733
6.43134429580865
10.3878118377143
3.34374556253608
5.74822845162602
8.63480081688398
4.59991335701773
8.10274707820372
7.81643547771246
9.21654132530307
4.49359574306958
-8.04016509699096
2.39216171496672
2.71303738283978
7.98882414374365
9.19866511124535
15.5542284430036
13.0173090184398
0.76606915907321
-5.55686118623965
12.563051263035
10.8699956208645
10.5635880279411
12.9425216352189
16.0161333193089
8.5228002772513
9.34770399455205
7.02647531378692
-2.14899552165053
7.17779144324021
-1.04057515091543
3.16135213666931
4.81077060093107
24.8954553905152
14.998447929954
6.23867374651807
3.4792610032091
2.90460116763197
1.57658829925225
8.83169951866981
0.886485387292921
10.7158201244512
0.326008411313587
3.39329753283006
5.7549638933611
0.273480168553211
14.3084453326108
-6.44205032403505
-1.58934266918728
11.844489951554
16.6488085529538
21.5869027307686
9.74638396905831
7.91470736580224
13.5070992497048
16.7864764063229
-5.69779127389754
8.18526679855788
10.736917074285
2.07899180349792
16.2335098089272
3.08493049046677
7.1796435027775
10.075649455846
7.8580229908267
-13.1829633365339
20.9525105078063
7.39403050121654
17.5661851157509
8.33834093193458
5.78019886455867
9.69985315918632
11.8141536070835
8.36991574561265
19.2582842965705
8.24738175686655
-0.697709342086497
11.6218116835964
9.89854807695226
17.1854597959809
0.96964337510658
7.24623141821751
6.73823710651478
13.6988514778265
1.24301119402369
7.49490088922674
4.98126881323912
20.4861389389001
11.743750849794
5.14774916752724
5.02816438981369
3.93693715388722
2.46558083833003
10.1480877603617
3.50491281879726
19.4915442980012
-0.96542489367471
21.334200198152
6.22575421107102
8.76334256432923
-1.18856831153204
3.19199602417439
2.70662653655683
6.91267591620839
10.8479016093012
2.27290285744666
12.7868411124073
-0.751753907012873
0.121350425584474
12.5135021112437
7.53931487993663
9.82543926707371
9.75517204903881
23.4151757251631
13.5424981807693
0.474173853638723
19.3031156546729
5.72953031378053
-0.209633638188897
0.89398110696527
13.1458650887807
11.0561960051911
12.0952000660391
10.1487394896832
5.03090628899408
6.54739368314489
12.0573423543283
7.6475092790343
15.0230351675817
3.64659162178684
7.03676639582722
0.328094731396734
-4.02206824870935
-5.2937813913272
4.32896883839147
4.0750278663776
19.1290847392331
7.65855343893758
4.66571413699737
13.5104576176517
-2.10819077943509
10.0891005156881
2.07458067568531
4.066010779087
-1.84348830607343
4.61561896098744
7.94839261431004
8.32649236892394
14.1293254934318
14.2539782919148
21.5488334165347
-3.71223400878516
-1.09668821798548
14.1735931173757
9.24192957188095
5.88326036881037
-1.21077015146685
-10.142911099499
2.17694642701169
4.54503656189111
6.78068189456718
8.26560186481508
8.35338503532767
-2.0961105619113
10.177271591482
9.02383805667626
7.79520123850264
1.36915734214809
13.3809889109982
7.78878093412487
2.01904946030143
4.59039195918236
18.3276859431204
2.10397400315488
3.34902812652183
7.09508834062947
9.83359452149628
14.1064302817071
6.6807201939905
-0.312035901026038
11.2538370627426
15.7409430883401
1.32248055376706
2.31863880592437
-2.14095261085601
1.10160180691714
19.3263625928303
8.44659764857886
3.9828665355676
18.1282642559366
17.7627908294843
6.80980204816479
8.49177951479498
13.4766749240682
17.6430109967654
-7.14987826653072
2.65116581948803
4.90973932480083
6.97313458958459
10.337190811471
3.42085959188371
8.49858232912938
4.3741190088729
0.137129819202118
3.26133620196971
7.54828097705697
7.72215244082155
5.63983273639003
18.2565147561634
15.5257409382514
-0.418493082039375
4.0142210155245
0.713630731584115
10.5834030011642
12.9938323924847
11.0104522861806
1.13625649559626
3.21258233214137
2.04119879171203
16.0670646512516
4.58104942967564
2.11786849662457
4.80069715111557
17.5018464195105
14.1895314538211
7.76557954640553
-2.49437873923981
12.5739886319647
0.579053706991173
8.70652133561355
12.7829221532732
-1.05847184505992
3.5682870713361
25.0985411964877
-9.82815490725222
9.56430198915356
4.08439175589678
6.87504495291888
-0.5997619225343
13.1801188819351
4.67470955137797
2.8323178411515
8.2898158191258
10.9387504968722
9.53379639714602
10.0202424604551
13.7792746796627
17.6650260814667
12.2117152536644
14.6167839617897
3.77793949135888
14.3921179314359
0.236476007450787
18.9423661786318
5.66349448194623
4.84483890927463
12.9942133292206
-1.56170042636303
-1.6221089695305
0.540061738951447
16.7709107360504
4.99129826709538
2.11563633740886
11.1710001654535
15.9316683818827
2.17492426271741
5.34020677141507
10.8590384070932
9.92718322405623
-8.34533116346769
20.7456842300452
7.77924757106504
-5.38388296070872
-4.7262366704048
11.918002843783
11.2927876001045
6.20440611884564
23.3668859014553
14.7115083173093
6.06062083527297
3.88343994353088
1.82339663822114
12.9557978094592
1.34660678498378
12.1801885517491
-11.4578383654359
2.98837548017693
10.5860584207186
9.76877480640748
17.6037207312035
10.027360137003
5.37764138490758
2.0072998938838
7.64113531007473
0.864982106303476
2.29883107003744
12.8381279388245
16.2139894076593
8.2329588863698
13.8193785465772
22.7360559376742
12.4937064243193
-0.0125106524762651
9.10002658197731
8.13475077544624
7.52032814062326
24.2624769164395
13.1439171699877
5.38313573215354
23.7694362864796
-10.6258001730764
11.0887129913225
3.19146546439522
3.31492934559458
15.756399699641
5.46400959798957
8.34096829549503
5.29957843708305
-0.00582924241594807
6.17594701889586
-1.21394873625028
18.5236644843272
3.34442498676799
20.8815155201545
-5.09897094534779
8.07932089175563
11.7967443356346
6.23583852294917
8.67528821797958
4.79213166859449
-6.97775453693955
11.3927250286148
-4.34518676495441
7.6377899521527
-2.05142408910067
4.66176867101881
-6.07779983347064
-4.44936008078868
-3.15705212094376
20.372774711205
2.44926710303475
-0.710840185859275
2.22568321139705
14.6385676025178
5.06518476053545
4.23990167941956
14.8081045212011
4.54824791633633
3.72188332268873
21.6031943637747
5.94264073407022
-9.96422480981143
8.22113604039285
17.8749987291524
2.94794623500879
16.0724901098679
11.8257016024327
-1.62150427621316
-5.81082145132455
9.76901815963047
8.5871931962023
8.91118054685031
0.965340841761802
13.4605508917654
4.73752641829636
6.20212811574779
3.54465735987123
3.54275830691836
12.9200287091848
2.53351524145232
-4.48305745913741
15.4035350350339
12.8020288271304
1.26727606530482
9.27962812973928
11.3036700011832
-0.0745849170989801
2.35010051279567
2.87020058831974
12.9441848655594
11.0248804321332
-4.30278863155832
0.437543760973414
-1.38031295607537
-9.83051396773736
7.07958746601741
12.3690284451076
6.90497489868657
7.12957436034952
16.1622767923288
-0.46459536960898
2.52870450181203
3.35750821141795
-2.93301875364405
19.3336621215783
5.44546537012657
18.3369136719158
-3.92231218207138
0.311694332050721
2.40063892998109
13.0029234165293
6.95045416575388
8.20422878847069
9.18253064860427
3.66227999936375
-0.724627060298245
5.60783624245408
0.0316484036209609
3.24317324402129
6.21747454757828
13.0071089014851
24.1093937678496
4.53692427799035
4.94086802120423
16.4299292307709
-5.87815000168899
14.3194696818183
7.76788428780554
10.6439684343342
10.7175437462454
16.5760947879182
5.18565985550276
0.136680482313067
5.76479755001526
16.1478137365446
16.2211935818131
12.4981706348455
7.96412246807008
2.4071330704335
8.20438536220252
-14.5584711721913
3.58849413140551
11.8364981356852
17.6763768091591
4.74327680012713
8.59759359502487
-1.83219474340659
-6.90649154186748
12.2118180605147
-15.98849991764
8.55336357644942
8.86171479149166
20.8172380238778
-4.83764421626667
18.6603805102494
7.16053773446735
2.49187958762358
9.20852638375522
-6.73183441391943
10.7601396541917
7.57377151819268
-9.61306743783642
8.79870626106558
7.93769086599703
7.47269060215268
14.083072459262
24.5276921747526
3.89695551102213
9.08298826769816
-2.28640331428065
15.2281539719839
16.6063251515622
11.700932420876
4.75237917928927
2.19472860118447
7.2580348174946
0.640531077001637
-2.28864926328422
9.12988585173945
17.0071755308308
16.9336119257388
11.7835348140721
3.00753530080796
3.07758125529757
7.43108105759506
9.57705246808987
-0.0559886637024372
6.69624859483958
13.8069001098901
11.5852639580466
6.51108562887266
17.3422607685321
1.02885513583708
-10.2145122522927
-0.56403068483893
0.463713532412243
12.1343648997679
3.79327685766916
-0.422896569870824
2.86331135784407
4.49760953323193
5.1808722110661
9.93909821614022
9.96044255406655
16.1037157306131
10.3308045533706
13.5612212574647
4.00257783301487
-7.33548516535172
16.3218154153233
7.18110752790301
-3.26201784143024
5.75718567033691
-7.40484217638664
8.36050471578348
17.8883609014417
3.89918273652314
8.38608759428331
0.139158645213722
7.10090192569801
11.4199045950012
25.8539534170045
8.16128391163652
4.93956260385295
5.20885765119749
13.7772958278889
-2.33632707216004
0.224095577373376
23.5583961538555
14.1742339964561
9.88345979138633
8.11305035405332
3.81577460990094
-7.74146755502116
15.1499895702083
11.8395686469367
12.3187726857541
27.5249715469971
11.4605101343433
21.3285337723049
13.4482300390418
9.09187653770542
8.98086074352474
-1.24089603514321
7.04683910724636
1.79218312366889
8.00317829796278
-13.5476949169104
19.2701512406853
6.28122165162816
13.3894334315841
12.9483970011133
-6.23264149060406
16.9872479824319
15.369417110671
6.35783240828475
-0.565288769174771
6.03602227623463
7.91632374828442
7.95351823877316
5.72379445705563
1.36815306393443
5.43072125016476
5.25934266540886
5.23392454722502
10.2779228701346
-10.4058231554482
0.238916754283422
7.11805249536999
6.45248940819309
10.7307653478324
2.68186848485717
-3.02441224776773
13.2798798941572
3.43432946075903
14.1878130432189
5.90979057769952
13.9423671412045
12.6025311435628
9.65447077672608
7.80379122628756
13.8627520853685
18.13488243259
-0.615712306003035
-1.35937739945619
5.06284826656391
4.76390751791099
14.2710992383213
9.35024688231046
2.64127561754031
13.9727560463294
2.27268551759641
6.57935976884916
6.41612794105363
3.0342778520847
7.88574841193125
16.2732041747404
3.50493715899982
10.5620407264556
2.47977435733966
13.5848522766034
-1.32486826509167
13.0934165490254
-1.44515146060964
5.79065688336436
-0.520669481842518
-4.04902871313145
12.4681279335311
-0.0541823919507965
-7.06317124385087
5.61770497682898
-6.98802065703078
8.65164727529506
13.6138568305742
10.8132524654872
13.4402566355814
-2.08025992933886
2.56006945552424
12.1940174135199
17.7916106758495
9.69241695213767
0.178852463837481
1.4949843702427
0.555287587152599
8.39897560505832
5.64238878143782
7.04475381060889
6.76311038614
2.10421758177086
3.8329987766078
-0.57042969278571
10.0632423692977
11.1032422246684
0.964130801023561
19.1490940203187
-6.83967664621476
1.2457437875461
15.7383881661889
11.1026532755474
3.85799047395064
24.6572765056052
0.418854979825387
-3.02384221414238
14.7066122056178
17.690813148345
-0.14162768694093
15.0187395717143
12.5363564831508
10.6921638452845
1.96543561929281
8.34070037545588
-6.28161706563516
14.9842741311256
10.517059325452
21.3533425572133
4.288958154002
16.1266962502687
-1.89868441363306
7.3526014589855
6.16963600980094
-5.34073550889479
11.357783333345
9.04659719165227
11.0758357657448
12.9390497781502
5.12257558738023
8.15624211249618
7.3351031932843
-3.5184665222025
4.10701755103756
8.44133553856583
1.05306849146213
4.90983915110408
6.71947500402571
17.971008930519
1.7372011152665
13.9312926471252
11.0564135713065
11.1596091627424
0.76826963057472
18.9436358252435
1.85800454951173
-2.69674354822498
10.8769278418599
4.30113551219466
1.33665783117468
3.84618139839508
11.0498584016715
-3.54530685069322
3.3176860542792
15.4818478046498
-6.84197034074587
-2.6241050131569
-1.83414080424851
15.4853429268152
1.25264074871912
7.51375281429471
10.2476327275407
7.47418142975839
8.80599827443877
4.30030117837743
6.28437447181444
11.7079100729349
5.15042493992179
0.692744941875267
18.1079195754729
19.727271350571
12.216826729647
10.5898029794159
-0.505276398737769
2.39317999865771
13.8407678703362
22.7214867464604
4.20454306148238
13.9970329926746
12.0717394331825
11.4343888399317
6.8241014514403
16.9113857694869
-1.60272010154468
17.6018572670913
8.75556833925015
11.2891907439412
3.31218762577271
7.14315496794239
9.05640800986886
6.11140327503864
6.04086574398919
20.3159206468771
15.8240757670031
12.9709355957965
11.0832067384259
5.24240703322251
3.54467415016404
7.8393852727584
5.24348296406444
7.81580889059527
-8.46587789127634
-0.474315833816876
9.30665551532183
10.1683175742562
2.60204680669342
-2.44497630855371
7.20127308510937
7.16060812525498
13.5629427634181
7.61907901613931
33.6367466341079
-2.99361504753255
7.22067344548825
-2.05043769024631
9.7297610929667
9.24396040029168
21.653553942264
5.37130225087379
17.4384661450609
2.6974760325896
5.13092803250268
11.5356841048029
23.2149953315208
21.6187846633841
-1.23024250875058
7.1203409828901
-0.579752955888073
14.2631289288333
-1.74075529738463
4.32100481620341
4.51334742768318
12.7791931988799
7.63338835238746
12.4350048225132
10.4232991476526
-1.62094999142884
15.7054608435878
3.56090353932673
2.51889321472986
-3.05672544577981
5.59303007400493
10.2588679419268
15.8927513463189
12.8073272903933
15.8194544141686
-0.804394737129829
10.1847004935864
-6.23095755959503
7.69405164304156
3.36188714124491
17.694890792581
18.7424590029584
5.64104148750952
7.84485350431126
11.0075196387108
1.45864738269208
20.394461372408
14.2080366181841
-2.9098710117068
11.6787102414398
10.2116252624949
2.55048481145945
0.627821604813653
17.0989559631493
18.524914279515
3.45126553438059
7.88810152989051
-0.507359067368092
1.8062665171809
1.4928005275674
13.2927845251938
15.7698876766711
2.08916952378901
11.6542064752129
7.90194793954271
11.391538723369
7.84668184782087
21.6378195787927
16.05111720387
12.2923709479535
4.91880435342496
8.49683314822344
-5.32339295324626
6.88126876776894
12.4173311397164
-0.25014417735844
6.35194664812096
12.2521087050487
27.389833146138
-5.62576306075655
12.1845246217697
0.590567301371151
11.494871745856
7.19510526949536
16.2172207041844
-4.87285722661198
2.15497372079744
-4.39082993403085
7.87131172776621
7.12722360938694
17.1573411820461
11.1500745829546
-5.10631969250541
6.84265700466606
12.220741696194
-3.2983515205058
-5.08797413933358
2.5382027159604
9.29123300600229
9.04699423991121
-6.996684607048
0.28392874424949
15.526861233296
12.0833926103479
-0.587177060029457
-8.06538277925704
15.2975418576737
0.164752778850747
19.1772263607446
14.9060324568167
13.1177971481535
3.78749575544086
10.5954026982046
-0.0121855105274417
2.22034497516311
5.34549137666128
4.70071899557057
-3.68899377022862
10.4058078694836
12.914820428321
8.56748025160615
-7.55445390243845
0.852289791031206
3.54356216682092
8.48381495990063
-2.7553303461069
1.99973217424221
10.5369797669102
8.25812200133863
3.05645392184316
22.4141711081855
3.22993327113679
9.72533608257583
12.3643615890519
21.0292447795382
6.19337771483037
4.76120399073845
-0.397928958327268
11.6455694618067
21.9823421496802
16.794699243109
9.20575163266978
3.2138155283588
7.75069774938666
13.9897515101413
-5.41663728074708
1.710972523377
-1.44462362554759
7.9014280159492
-4.15395676409845
8.74892784612977
-3.66161887415173
3.61580070270289
8.26734358174557
14.6094340020658
3.60235761610444
5.09736031444194
-8.43622375940994
16.5691427814234
8.50931436171575
20.9988563256355
13.2738304437099
2.20089404712063
-1.79661869385097
-8.80834809828469
7.59050454185612
12.4729284642928
8.84532558297089
5.82958933411241
10.2441910081887
2.86240185930318
14.1012468104678
5.17641976506392
4.5502246364517
2.5523912935157
-5.05626621911186
0.0238415929627922
5.43676803759709
22.8367002146747
9.84260495151149
13.1514297268541
5.89697533976518
19.7839129779238
7.27332345081964
5.46319183195493
13.2162261348425
12.4907147832048
-7.15165091997092
13.8856871391573
5.42039110244167
10.800704304944
8.88577448358584
1.37264235645445
11.8880150357974
18.402364312051
8.6429255174506
-7.44061736762459
16.676481386717
17.4904107143368
8.5678657778602
6.70702659721457
-4.19433956310079
6.80213638366363
15.0560889201373
8.58430713156403
14.2829522661253
16.9449470964653
11.3502227243306
-2.12145981767055
15.907462372407
10.1719827990389
-2.36897834897413
14.5430262383656
5.83571792131098
11.9303301169192
12.3051375695205
-2.33300115865907
2.90925856063534
0.775049253937176
14.1098369673621
-1.68569174084453
12.1975325023646
19.2001631699972
8.70965723110877
15.2190722340605
10.0247881363838
14.7224410807179
-9.08143161900761
1.37481289199798
1.6737276455682
11.1314887006785
13.2194503766503
3.66139730501166
19.7072270006001
10.2242503247175
-3.92248931857171
2.70964142113355
20.7660309813067
3.39762194732262
0.336194277246812
8.75970746285285
2.09742662619136
2.30922110817718
16.6832153868778
19.8476420103486
-9.7698455504408
10.9008145809791
-1.26312150135303
17.4711071078535
6.50288195448377
-1.08678590750711
19.7212062155773
19.6766023486054
0.491919475618034
19.3354054737858
6.3809007801715
-21.0052686220795
10.3315739417308
15.5458618430469
8.91142586568251
18.346730339585
9.33980977968992
11.4537257676648
19.2377839668713
7.18211464988665
3.08559929956425
19.0514139081631
6.09077730569105
10.1273406329139
1.36078857923942
12.3282164386511
14.8059667504611
16.9541989049123
14.0856798783764
3.44592254456395
2.72694512809357
17.7177693862149
8.67821605716358
5.86343695057765
8.90011935309218
-0.861294152678554
3.62077194996472
17.9693999248727
1.77060948029594
3.27709797404428
-1.03508924947836
6.44203819813298
21.6056962798505
17.4957600020015
13.6134240640116
1.71049212481977
1.97818969532825
17.7489931364365
-4.73078852163315
7.2285937516674
12.7713978569891
6.66751691101349
18.6557855662046
4.11650308934192
3.26806168653309
4.26688297740421
15.8215607255111
13.4985079899888
20.1129636346392
7.64000166076189
7.10114667857601
14.1658722021858
18.6646988064943
5.62722442014014
12.7941216414896
-4.70785892008264
4.9675754675328
8.86005977397312
3.96452734922218
6.25924172801866
14.2424731223298
4.57672732491808
8.00777295945565
15.2296842205061
4.85839469421202
9.42711799390333
9.38618025470708
8.06269658980769
5.6181996517394
4.18183129140883
14.7320797049593
6.76402611635531
14.5906679283708
9.06566806639098
8.05411339417867
12.2690587803533
-1.64210954335473
13.610839223916
7.79833438209788
0.675196101097119
12.0291941938146
5.40447869573829
-1.3395139634995
12.1822380844708
23.4658377058601
3.45352395779119
3.07937344549046
10.4162398269899
14.1561656684183
-3.33850061681358
12.4309199503441
3.5368181139378
10.8948921533703
18.9372740975823
-18.5977949323266
15.2585652424295
15.2976417497313
4.03851762881863
16.8633967444338
2.18071384216198
8.66395146388849
13.5111643566478
5.31876266783356
4.42363699408259
18.5595219798099
2.44652039358516
4.40384418090935
11.2108800551393
-2.50606947973527
8.74749796695179
7.35560181494452
-13.5654398222634
27.5400525843799
9.18252001600839
13.232260218454
6.84132625379789
2.7336725984534
-10.0366709019758
7.76938307419252
8.08745921546073
10.8134303766869
-8.8703572439527
4.67431935286528
1.02102779017269
26.0209096957802
13.856117861887
12.4835563683985
10.4837086267343
8.95551233025521
2.56041488491409
14.6191527737896
-4.56497213080158
-5.09536996659803
11.9836655224839
2.88562475341169
12.6119977970575
1.25267196878681
4.14095585359427
2.75391540223283
20.4900112437489
3.13341921058637
0.108765027201782
1.70911425416983
1.16687572682538
-0.427009867265024
11.1327355112334
7.70574534331509
-0.997553270292427
27.9628273790884
4.07731999625426
-0.26429639175223
0.525477805796211
1.25013118801628
9.23146344612808
6.34477694405551
6.43174924787863
1.87746012730429
-1.75004992819759
21.6952345164805
0.709522637343112
21.1484562426338
2.54886610916403
-5.83274121301678
14.7181754048124
0.822218093784137
16.2002201008039
9.55874533945732
1.43913501735224
0.567766196906166
9.46691449173182
13.3683978410826
-3.03719310030152
-0.766644978791777
10.8368514439635
6.24419497411972
5.15669918881108
8.05702444255536
-2.10615287766062
-8.26382944599678
0.540062385118581
17.3908865935221
3.22852777894739
2.74320668913982
13.1998428331767
-0.0838914974019094
6.19490597344786
12.4598891731982
20.1707152412552
2.02182678280813
12.0084450467332
3.07224906343761
-0.858289838183655
-1.69097500417709
6.79345321672603
11.9315583729753
19.2962542090209
14.0784079012776
8.98677429353868
15.9968347854364
14.5401967740377
2.96044116091539
5.80480975583621
16.8934767690664
15.9267387130227
4.62493203604556
23.2139493397534
9.1406867927419
5.46470074062432
6.25884054284965
14.7171647420671
12.3765445391201
-1.79288639681574
1.95508216824352
0.208567411989836
5.55324124710192
11.7489648525786
0.382325404339706
12.4033272437469
11.8530759727353
19.0998684925564
10.0931321621222
2.2041002616391
6.06974539139667
15.4541407207295
2.47928857651287
7.84400235352649
20.330209088532
8.93213508453612
-0.0600071576169424
8.18053106744754
14.0706922941837
-4.62654253892946
2.0909321647353
4.59255299897144
9.60844671426947
6.37935100001116
2.99789821801238
16.1579539905639
13.8526718431771
-7.32507859429266
11.6639156604029
10.0372857016476
-14.4396809499441
12.2227753548534
9.80204120345372
-3.14007717774962
20.8027954431283
11.0777905412484
8.40657870729771
11.3349091847251
0.553277518174114
-2.52198006712449
3.85751097581031
21.5462214439537
10.1790154199899
11.7344048688576
1.58409672142755
12.698740025364
21.8841598857782
12.1817587789034
9.72830285766119
13.2593377060333
-9.55859907879342
11.4875770730412
0.583745527090539
10.2784523296105
-6.27495347839477
10.7696823737978
8.64539624351163
11.10483692205
13.2299672592257
0.121081391950096
10.737966138335
21.8870493935014
4.44958712963841
-2.8362566365079
15.456666688532
9.40788734547946
3.29381325337634
7.29841542072852
17.2019487826234
16.1390652601654
10.7227129594978
5.45241325178463
2.44552391247887
11.3462765696482
-1.13257713151203
10.0569110953744
7.01580051325847
13.1472364189549
-2.68787277978584
9.16357552722075
-11.4512328714266
8.38251800866086
1.26514103828261
9.5179385908456
0.289393572525019
-11.0421034344659
7.79448370309492
13.5903391932272
22.4611626971198
14.8593417669629
10.5359207632066
17.4703705283036
-3.1328082074931
6.47902488681934
21.8950770589108
7.65335821451849
9.83713269298221
0.741221262284362
8.30975269572217
9.71853672319386
7.690969744689
16.0819981094506
11.0974691368755
-0.719398162052581
13.3921572757016
11.0403854440801
6.99942026727071
21.1694269552917
12.6759524388248
30.9789781278716
4.21963242150389
0.273302119850594
3.6030578627119
14.0664966961793
3.63699577753292
-13.7118861089766
-0.272403599411583
23.4436571450188
9.80239765107823
19.5299900928797
5.85509281562164
-0.105225190332457
10.7493886485784
12.9568173861351
6.87960134875782
0.225201266107592
11.2073558170909
34.4177762208469
3.49449873387215
7.9615578212641
-14.6240015301831
-2.74058364178791
7.28752596947391
-1.75386017396587
-9.66572170259712
17.3907805476766
6.72241784742714
9.16497602924967
1.05983932681659
-3.19384774900538
7.59129245302471
13.5538281768705
9.34027589990674
-2.77181341122445
22.4418550552959
11.4990122322776
3.80489634242076
8.92692073860116
8.29031185702358
10.1378559810042
9.78088028527348
3.40457605746944
-1.13425605215575
2.55111351438028
3.47656728379552
3.51308341713669
12.2081931494327
12.1978605502616
0.810649103684207
-10.2275618325554
3.93063715878778
10.1950855004425
9.96845192218916
0.88019510375628
2.87999583628581
6.84736511826756
8.29130995638537
3.81372868193356
2.32693815036703
10.0213141788951
5.32848042851812
8.7343229194039
13.5915525283135
3.80700207515762
9.32231336266073
7.46981510474526
6.73609980674521
12.8926932472253
2.57653166573085
13.175929252547
-1.0892208438471
-2.92674769797681
12.0690620535359
-2.17824847294007
5.70170536238931
5.61658856556173
1.02040157062715
4.0613162559945
13.7149988769963
9.9414572299704
31.9851317780255
0.375121583718802
-2.95036485614489
11.7924752628454
21.4422039715523
8.40702807388464
-4.62141028751048
-4.1429697032354
12.6752118292078
11.0759377223568
16.0475345470487
11.3006321052725
5.81923050257249
3.18689065141353
21.5349759100484
0.161586186564328
3.13714787764367
7.44613262963025
10.0792668760635
13.7691462299844
1.46901987520295
8.20106585659747
12.2426726400533
9.68885750318475
13.8629098415505
2.85843061711996
6.34710999291804
9.10672622523939
10.7725579508732
8.21986167305959
5.01980596634752
1.93139936985607
-0.111614760882617
22.6600256257083
8.28317583179548
14.4116609119255
13.3493534709379
-9.92894000315688
7.37210508690919
2.72253997579084
12.8755703166876
3.69870890909417
6.6980376761962
7.94853855393049
6.36979862293715
11.7967976326613
0.762646974987178
0.41196442220716
9.40601489090704
18.4331115112613
8.23941447818335
18.724158246035
3.26239016549754
2.16554758349151
10.1923649733917
1.19662763989432
7.98775957145426
11.3304247842099
11.8658498473643
12.5748494266174
12.7490124989064
17.259136248774
0.656142842587263
-6.27229421364425
10.7127018765185
15.3535007070037
7.09744965813056
23.5478337108239
14.5009036332771
2.29016722635284
-1.66626118437902
11.8701426678361
15.6325470393131
7.70744618206454
1.90631579476318
4.60813610211005
15.3983913364175
6.35657873376085
9.21012117980165
7.20022016364756
-2.85837043573597
9.24869605287444
22.2899355874693
2.31233425864038
5.91613385066656
2.12665508854234
4.4523586060536
9.60593396982823
10.5291110646219
-0.67273565362047
-0.582724614634824
-0.0930717034868151
3.2572751789905
12.7259080169226
5.88234213854892
0.765248002631251
9.26473787189243
6.78628347341733
12.3749074821629
-3.91940818092243
21.7494064648209
1.04698835922934
-0.845098232326657
5.92288968853491
6.20482733218056
3.29015344183506
3.46115506723576
8.5641668088159
16.0339765098224
6.62057514269017
5.58031632034538
13.0783952558889
7.65030923417883
18.1885750157808
16.3796832757091
1.92958924387886
8.61798337652387
1.03488748390498
-2.18405599270676
8.83981617171628
7.86552045730917
7.59893572233405
-12.6832772723527
7.30750860108869
6.95571754371068
-12.6333693990353
0.563146433536289
18.4777987012735
-6.53424284970487
12.1184599269177
8.81707068535661
0.54774301628138
12.0397051416376
6.05267487032689
6.27670026803829
13.9393701799623
14.3205824599492
10.3763395977484
9.394029297572
4.10909796946387
6.63080510216413
6.82641047656543
8.89210075559953
10.4407681790335
6.64568936644924
21.4228405174558
16.6463597656012
3.99827610086052
8.51670193261831
11.5513376448659
1.04640975597411
14.6334193302113
11.1588076584595
10.5858427902373
0.77858936162329
0.808831051984454
11.9628084930818
19.2693549528782
-6.97341350612241
7.78624569111178
13.2703463099211
21.87476414425
7.65734690118658
4.51918823913324
4.4903088461282
5.46548206226321
1.53719618189123
10.4586646857825
7.36231712591952
3.54480911967606
14.0498532966935
10.7866162896646
5.68805137894328
10.3136711879363
15.0624509824392
10.9491572662822
-1.51466294740667
-1.25844371810854
6.41026093605653
-5.23119064436056
2.41285543650775
7.61106066422646
-2.4256493489984
7.04936429959905
24.1519349381453
-1.57617599680628
8.42805472928608
6.42819322172199
7.01235975273388
16.099301836403
16.5218636389247
4.27232927600683
21.1445112229622
-0.651986404894556
2.62529938494705
-2.9069938382812
3.84629624928468
-10.9796063123393
3.70626903002971
17.1524977233466
14.4287742218069
2.39270464314613
6.4391943182945
11.6683213715966
-2.59364754416385
24.9257097502565
1.22526145003803
12.3355027057646
15.5177659465732
1.09346030779803
8.29405497908472
13.1846198473173
-0.420754062107831
2.25040876617314
14.7634247355423
0.13303948507868
7.4714332442629
6.42977059435044
8.41626961385293
10.8834871267301
22.8187182858138
11.651506184113
-3.37074515604444
-0.821821932384778
10.2457263287804
12.4803611564053
1.50683196102
3.94748201046366
13.0182379593013
-11.2637265838843
19.8309119904955
11.7444848065157
0.288798449053421
17.1095173311504
23.0238128348183
2.48326221077413
4.07336753074061
6.74452563552326
-4.55456940682976
10.9055050640587
3.50600912415849
0.790631103877155
5.04780274280218
4.69254618702039
-1.50612285457623
3.9566400608443
7.54251903609618
7.37657537947478
4.00259589076044
4.88984281297116
9.9572518302194
20.6330571974802
10.5894338468906
17.1586897680079
10.7272278409157
16.1964828428795
12.9599226855018
3.78272034674188
-5.35428282003298
9.98692913915314
1.63239747055443
7.50317009591936
2.50136058649754
7.25962136248059
11.6293346020562
27.5401842677426
7.89653606333089
11.7235748078647
20.9949519563372
-2.86601097103625
-6.45084755498209
6.38634136861861
1.58067688576128
3.9609729805331
2.59310350675979
0.497329898578743
14.3816601341861
10.8800925170912
17.9498780013113
20.8760422413591
6.71546774235567
11.3536478610554
7.22294043787553
17.5360120402742
13.2361446941714
7.52914853302773
7.83095672864783
5.91047399868717
17.4031687984286
6.88503662143225
16.6635820906805
-0.493400586009759
1.13460528202914
-3.12177454874261
13.5296092001748
7.86691692843842
17.9837619432063
0.276925338991391
6.11741854566409
12.445265277955
4.27571730644579
-6.53537830607087
-1.42768219866473
0.510043896350861
8.71093977547659
6.94957750314052
8.74182241001167
-2.99194258599276
8.2943895551796
10.7766258236613
14.6935225412687
-3.16429373173297
5.84893959715406
-4.4851841794838
1.53885025035291
14.1421167151317
7.64837724297597
10.9326502521461
0.226440338079915
9.4805344541968
6.92401135412497
13.3050038011967
31.0623545962704
0.41846801490024
11.0824422109632
7.71818370520431
-0.51859982296232
12.1878361697338
6.6513583201669
-2.69885514569272
9.93329850247928
2.056789629557
9.16410930383716
-1.86022138059777
5.95013593171635
3.4866705411955
10.6496757463732
4.84708414627692
2.90539899874311
3.15301518726419
3.78166466142646
7.49222641611492
-4.35324856602072
9.42436002710369
9.63488524469743
8.33853159619862
5.39189248309904
7.64834319416422
16.3872485876266
-4.72848039817654
13.3971408494005
12.7149421444893
11.4551337526074
2.82568200559103
-5.06398335371
2.35279714427566
-7.68158565383664
11.5398005672976
9.29599449702053
13.0081572324604
2.92712335166278
7.83607481559746
14.3433684982354
-0.683453503409641
-4.40587700282912
-3.08606409600615
10.2105775621705
16.4074665167498
23.5924964137977
3.37496010467606
-4.45530655038456
11.4004805806431
-2.74695358476147
6.8447741611863
6.4724173941972
9.95319564433319
16.9070375586953
-3.0893172661725
12.1209770880705
0.215992931760353
14.146162485583
-1.69977953765814
8.1637156442077
12.4333861148662
3.45209578994052
11.5353950183933
14.3486571986432
10.8615393201529
17.919250115798
2.817146545619
11.5988467558514
10.0406992450323
14.1289469530222
2.42773748487437
9.74408814111301
-1.28979191464602
-0.897415554138964
21.6339671202205
6.88168738804528
-4.05641958300926
10.8290555778046
9.99896947164562
4.9641337308905
11.6859933051818
-2.82013034905776
4.88142012377471
5.04551715541678
1.1839932583652
-2.50732211935751
10.6207916359769
13.3215888131326
5.90954946215124
18.0203166461427
10.4129411115096
3.169034150535
13.8791634786529
13.0326728098803
13.7477284077884
13.5084031864007
4.44147118649949
-7.05913387377977
5.85341843721065
10.9831441676275
20.9811554521597
8.62037638741797
7.50310311468732
4.05254374358008
