-3.673607251739542612e+00
-3.425279294329162116e-01
3.595122772150314756e-09
8.188444508839969327e-01
3.425279294329164337e-01
1.161372376721790500e+00
8.188444436937516446e-01
8.188444087312338748e-01
3.595122772150314756e-09
8.188444508839969327e-01
8.188444858465147025e-01
-2.854762804450668767e+00
8.188444436937516446e-01
8.188444087312338748e-01
-3.855764038351584359e-08
3.673607251739543056e+00
-3.673607251739542612e+00
-3.425279294329162116e-01
4.763165178559579660e-01
8.188444508839969327e-01
-2.854762804450668767e+00
8.188444858465147025e-01
8.188444508839969327e-01
3.595122772150314756e-09
-3.673607251739542612e+00
-3.425279294329162116e-01
3.595122772150314756e-09
8.188444508839969327e-01
1.161372376721790500e+00
8.188444436937516446e-01
8.188444087312338748e-01
-3.855764038351584359e-08
4.492451699028417345e+00
3.673607251739543056e+00
3.425279294329164337e-01
-3.595122591737719160e-09
4.492451699028417345e+00
8.188444087312338748e-01
-3.855764038351584359e-08
-3.595122591737719160e-09
8.188444858465147025e-01
8.188444508839969327e-01
4.763165178559579660e-01
-3.425279294329162116e-01
-2.854762804450668767e+00
4.763165178559579660e-01
-3.425279294329162116e-01
3.595122772150314756e-09
3.855764056392843505e-08
3.595122772150314756e-09
8.188444508839969327e-01
4.763165178559579660e-01
8.188444508839969327e-01
3.595122772150314756e-09
3.855764056392843505e-08
-3.673607251739542612e+00
8.188444858465147025e-01
3.855764056392843505e-08
-3.673607251739542612e+00
-3.425279294329162116e-01
1.161372376721790500e+00
4.492451699028417345e+00
3.673607251739543056e+00
-3.855764038351584359e-08
8.188444087312338748e-01
4.492451699028417345e+00
3.673607251739543056e+00
3.425279294329164337e-01
8.188444858465147025e-01
-2.854762804450668767e+00
4.763165178559579660e-01
-3.425279294329162116e-01
3.595122772150314756e-09
8.188444508839969327e-01
8.188444858465147025e-01
-2.854762804450668767e+00
8.188444858465147025e-01
-2.854762804450668767e+00
-3.673607251739542612e+00
-3.425279294329162116e-01
-3.595122591737719160e-09
3.425279294329164337e-01
3.673607251739543056e+00
4.492451699028417345e+00
8.188444087312338748e-01
-3.855764038351584359e-08
-3.595122591737719160e-09
3.425279294329164337e-01
3.425279294329164337e-01
1.161372376721790500e+00
4.492451699028417345e+00
8.188444087312338748e-01
8.188444087312338748e-01
8.188444436937516446e-01
1.161372376721790500e+00
3.425279294329164337e-01
8.188444858465147025e-01
3.855764056392843505e-08
-3.673607251739542612e+00
-3.425279294329162116e-01
3.855764056392843505e-08
8.188444858465147025e-01
-2.854762804450668767e+00
4.763165178559579660e-01
4.492451699028417345e+00
3.673607251739543056e+00
3.425279294329164337e-01
-3.595122591737719160e-09
8.188444508839969327e-01
4.763165178559579660e-01
-3.425279294329162116e-01
-3.673607251739542612e+00
1.161372376721790500e+00
8.188444436937516446e-01
8.188444087312338748e-01
-3.855764038351584359e-08
1.161372376721790500e+00
8.188444436937516446e-01
-3.595122591737719160e-09
-3.855764038351584359e-08
-3.425279294329162116e-01
3.595122772150314756e-09
3.855764056392843505e-08
8.188444858465147025e-01
3.855764056392843505e-08
8.188444858465147025e-01
8.188444508839969327e-01
4.763165178559579660e-01
-3.673607251739542612e+00
-3.425279294329162116e-01
3.595122772150314756e-09
8.188444508839969327e-01
-3.595122591737719160e-09
8.188444436937516446e-01
8.188444087312338748e-01
4.492451699028417345e+00
1.161372376721790500e+00
3.425279294329164337e-01
-3.595122591737719160e-09
-3.855764038351584359e-08
8.188444087312338748e-01
8.188444436937516446e-01
-3.595122591737719160e-09
3.425279294329164337e-01
-2.854762804450668767e+00
4.763165178559579660e-01
8.188444508839969327e-01
3.595122772150314756e-09
-3.595122591737719160e-09
3.425279294329164337e-01
3.673607251739543056e+00
4.492451699028417345e+00
-3.425279294329162116e-01
4.763165178559579660e-01
-2.854762804450668767e+00
8.188444858465147025e-01
4.763165178559579660e-01
8.188444508839969327e-01
8.188444858465147025e-01
3.855764056392843505e-08
3.673607251739543056e+00
-3.855764038351584359e-08
-3.595122591737719160e-09
8.188444436937516446e-01
3.855764056392843505e-08
8.188444858465147025e-01
-2.854762804450668767e+00
4.763165178559579660e-01
1.161372376721790500e+00
3.425279294329164337e-01
-3.595122591737719160e-09
-3.855764038351584359e-08
1.161372376721790500e+00
8.188444436937516446e-01
8.188444087312338748e-01
-3.855764038351584359e-08
8.188444508839969327e-01
3.595122772150314756e-09
3.855764056392843505e-08
-3.673607251739542612e+00
8.188444436937516446e-01
-3.595122591737719160e-09
-3.855764038351584359e-08
3.673607251739543056e+00
4.492451699028417345e+00
8.188444087312338748e-01
-3.855764038351584359e-08
-3.595122591737719160e-09
-3.425279294329162116e-01
-3.673607251739542612e+00
3.855764056392843505e-08
8.188444858465147025e-01
3.855764056392843505e-08
-3.673607251739542612e+00
-2.854762804450668767e+00
4.763165178559579660e-01
3.673607251739543056e+00
-3.855764038351584359e-08
-3.595122591737719160e-09
8.188444436937516446e-01
8.188444508839969327e-01
8.188444858465147025e-01
3.855764056392843505e-08
-3.673607251739542612e+00
8.188444508839969327e-01
8.188444858465147025e-01
3.855764056392843505e-08
-3.673607251739542612e+00
3.673607251739543056e+00
3.425279294329164337e-01
-3.595122591737719160e-09
8.188444436937516446e-01
-3.855764038351584359e-08
-3.595122591737719160e-09
8.188444436937516446e-01
1.161372376721790500e+00
-3.673607251739542612e+00
-2.854762804450668767e+00
8.188444858465147025e-01
8.188444508839969327e-01
4.492451699028417345e+00
8.188444087312338748e-01
8.188444436937516446e-01
-3.595122591737719160e-09
4.492451699028417345e+00
1.161372376721790500e+00
3.425279294329164337e-01
-3.595122591737719160e-09
-3.673607251739542612e+00
-3.425279294329162116e-01
4.763165178559579660e-01
8.188444508839969327e-01
8.188444087312338748e-01
8.188444436937516446e-01
-3.595122591737719160e-09
3.425279294329164337e-01
4.763165178559579660e-01
8.188444508839969327e-01
8.188444858465147025e-01
3.855764056392843505e-08
-3.673607251739542612e+00
-3.425279294329162116e-01
3.595122772150314756e-09
8.188444508839969327e-01
-2.854762804450668767e+00
8.188444858465147025e-01
8.188444508839969327e-01
3.595122772150314756e-09
-3.595122591737719160e-09
8.188444436937516446e-01
8.188444087312338748e-01
4.492451699028417345e+00
-3.595122591737719160e-09
-3.855764038351584359e-08
8.188444087312338748e-01
4.492451699028417345e+00
8.188444858465147025e-01
3.855764056392843505e-08
-3.673607251739542612e+00
-3.425279294329162116e-01
8.188444858465147025e-01
3.855764056392843505e-08
3.595122772150314756e-09
-3.425279294329162116e-01
-3.855764038351584359e-08
-3.595122591737719160e-09
3.425279294329164337e-01
1.161372376721790500e+00
-3.595122591737719160e-09
8.188444436937516446e-01
8.188444087312338748e-01
4.492451699028417345e+00
8.188444087312338748e-01
8.188444436937516446e-01
-3.595122591737719160e-09
3.425279294329164337e-01
8.188444858465147025e-01
8.188444508839969327e-01
4.763165178559579660e-01
-3.425279294329162116e-01
-2.854762804450668767e+00
4.763165178559579660e-01
8.188444508839969327e-01
3.595122772150314756e-09
-2.854762804450668767e+00
4.763165178559579660e-01
8.188444508839969327e-01
3.595122772150314756e-09
-3.425279294329162116e-01
4.763165178559579660e-01
8.188444508839969327e-01
8.188444858465147025e-01
3.855764056392843505e-08
3.595122772150314756e-09
8.188444508839969327e-01
4.763165178559579660e-01
-3.595122591737719160e-09
-3.855764038351584359e-08
8.188444087312338748e-01
4.492451699028417345e+00
-3.855764038351584359e-08
8.188444087312338748e-01
8.188444436937516446e-01
1.161372376721790500e+00
8.188444436937516446e-01
-3.595122591737719160e-09
3.425279294329164337e-01
3.673607251739543056e+00
-3.855764038351584359e-08
-3.595122591737719160e-09
3.425279294329164337e-01
1.161372376721790500e+00
8.188444087312338748e-01
-3.855764038351584359e-08
3.673607251739543056e+00
3.425279294329164337e-01
8.188444087312338748e-01
8.188444436937516446e-01
1.161372376721790500e+00
3.425279294329164337e-01
-3.673607251739542612e+00
3.855764056392843505e-08
3.595122772150314756e-09
8.188444508839969327e-01
4.492451699028417345e+00
1.161372376721790500e+00
8.188444436937516446e-01
-3.595122591737719160e-09
8.188444087312338748e-01
4.492451699028417345e+00
1.161372376721790500e+00
3.425279294329164337e-01
8.188444508839969327e-01
4.763165178559579660e-01
-3.425279294329162116e-01
-3.673607251739542612e+00
3.595122772150314756e-09
8.188444508839969327e-01
4.763165178559579660e-01
-2.854762804450668767e+00
8.188444508839969327e-01
3.595122772150314756e-09
3.855764056392843505e-08
-3.673607251739542612e+00
3.425279294329164337e-01
-3.595122591737719160e-09
8.188444436937516446e-01
8.188444087312338748e-01
-3.425279294329162116e-01
3.595122772150314756e-09
3.855764056392843505e-08
8.188444858465147025e-01
8.188444858465147025e-01
-2.854762804450668767e+00
4.763165178559579660e-01
-3.425279294329162116e-01
-3.425279294329162116e-01
4.763165178559579660e-01
-2.854762804450668767e+00
8.188444858465147025e-01
4.492451699028417345e+00
3.673607251739543056e+00
3.425279294329164337e-01
-3.595122591737719160e-09
1.161372376721790500e+00
8.188444436937516446e-01
-3.595122591737719160e-09
-3.855764038351584359e-08
3.855764056392843505e-08
-3.673607251739542612e+00
-3.425279294329162116e-01
4.763165178559579660e-01
8.188444087312338748e-01
4.492451699028417345e+00
3.673607251739543056e+00
3.425279294329164337e-01
3.425279294329164337e-01
1.161372376721790500e+00
4.492451699028417345e+00
8.188444087312338748e-01
8.188444436937516446e-01
1.161372376721790500e+00
3.425279294329164337e-01
3.673607251739543056e+00
-3.595122591737719160e-09
-3.855764038351584359e-08
8.188444087312338748e-01
4.492451699028417345e+00
-3.855764038351584359e-08
8.188444087312338748e-01
4.492451699028417345e+00
1.161372376721790500e+00
-3.855764038351584359e-08
8.188444087312338748e-01
4.492451699028417345e+00
1.161372376721790500e+00
8.188444858465147025e-01
8.188444508839969327e-01
3.595122772150314756e-09
-3.425279294329162116e-01
