-3.49065850e-01 -3.14159265e+00 -3.14159265e+00
-3.49065850e-01 -3.14159265e+00 3.49065850e-01
3.14159265e+00 -3.14159265e+00 3.49065850e-01
3.14159265e+00 3.49065850e-01 3.49065850e-01
3.49065850e-01 -3.14159265e+00 3.49065850e-01
3.49065850e-01 3.49065850e-01 3.49065850e-01
-3.14159265e+00 3.49065850e-01 3.49065850e-01
-3.14159265e+00 3.49065850e-01 -3.14159265e+00
3.14159265e+00 -3.14159265e+00 3.49065850e-01
3.14159265e+00 3.49065850e-01 3.49065850e-01
3.14159265e+00 3.49065850e-01 -3.14159265e+00
-3.49065850e-01 3.49065850e-01 -3.14159265e+00
-3.14159265e+00 -3.49065850e-01 3.49065850e-01
-3.14159265e+00 -3.49065850e-01 -3.14159265e+00
-3.14159265e+00 3.14159265e+00 -3.14159265e+00
3.49065850e-01 3.14159265e+00 -3.14159265e+00
-3.49065850e-01 -3.14159265e+00 -3.14159265e+00
-3.49065850e-01 -3.14159265e+00 3.49065850e-01
-3.49065850e-01 3.49065850e-01 3.49065850e-01
3.14159265e+00 3.49065850e-01 3.49065850e-01
-3.49065850e-01 -3.49065850e-01 3.14159265e+00
3.14159265e+00 -3.49065850e-01 3.14159265e+00
3.14159265e+00 -3.49065850e-01 -3.49065850e-01
3.14159265e+00 3.14159265e+00 -3.49065850e-01
-3.49065850e-01 -3.14159265e+00 3.14159265e+00
-3.49065850e-01 -3.14159265e+00 -3.49065850e-01
3.14159265e+00 -3.14159265e+00 -3.49065850e-01
3.14159265e+00 3.49065850e-01 -3.49065850e-01
3.49065850e-01 3.49065850e-01 -3.49065850e-01
-3.14159265e+00 3.49065850e-01 -3.49065850e-01
-3.14159265e+00 3.49065850e-01 3.14159265e+00
-3.14159265e+00 -3.14159265e+00 3.14159265e+00
3.49065850e-01 3.49065850e-01 3.14159265e+00
3.49065850e-01 -3.14159265e+00 3.14159265e+00
3.49065850e-01 -3.14159265e+00 -3.49065850e-01
-3.14159265e+00 -3.14159265e+00 -3.49065850e-01
3.49065850e-01 -3.49065850e-01 3.14159265e+00
-3.14159265e+00 -3.49065850e-01 3.14159265e+00
-3.14159265e+00 3.14159265e+00 3.14159265e+00
-3.14159265e+00 3.14159265e+00 -3.49065850e-01
3.14159265e+00 -3.49065850e-01 -3.14159265e+00
3.14159265e+00 -3.49065850e-01 3.49065850e-01
-3.49065850e-01 -3.49065850e-01 3.49065850e-01
-3.49065850e-01 3.14159265e+00 3.49065850e-01
-3.49065850e-01 3.49065850e-01 3.14159265e+00
-3.49065850e-01 3.49065850e-01 -3.49065850e-01
-3.49065850e-01 -3.14159265e+00 -3.49065850e-01
3.14159265e+00 -3.14159265e+00 -3.49065850e-01
3.14159265e+00 -3.14159265e+00 3.14159265e+00
3.14159265e+00 -3.14159265e+00 -3.49065850e-01
3.14159265e+00 3.49065850e-01 -3.49065850e-01
-3.49065850e-01 3.49065850e-01 -3.49065850e-01
3.14159265e+00 -3.49065850e-01 3.49065850e-01
3.14159265e+00 3.14159265e+00 3.49065850e-01
3.14159265e+00 3.14159265e+00 -3.14159265e+00
-3.49065850e-01 3.14159265e+00 -3.14159265e+00
3.14159265e+00 3.49065850e-01 3.14159265e+00
3.14159265e+00 -3.14159265e+00 3.14159265e+00
-3.49065850e-01 -3.14159265e+00 3.14159265e+00
-3.49065850e-01 -3.14159265e+00 -3.49065850e-01
3.49065850e-01 3.49065850e-01 3.49065850e-01
3.49065850e-01 3.49065850e-01 -3.14159265e+00
3.49065850e-01 -3.14159265e+00 -3.14159265e+00
-3.14159265e+00 -3.14159265e+00 -3.14159265e+00
-3.14159265e+00 3.49065850e-01 3.14159265e+00
3.49065850e-01 3.49065850e-01 3.14159265e+00
3.49065850e-01 -3.14159265e+00 3.14159265e+00
3.49065850e-01 -3.14159265e+00 -3.49065850e-01
3.14159265e+00 3.49065850e-01 -3.14159265e+00
-3.49065850e-01 3.49065850e-01 -3.14159265e+00
-3.49065850e-01 3.49065850e-01 3.49065850e-01
-3.49065850e-01 -3.14159265e+00 3.49065850e-01
3.14159265e+00 3.14159265e+00 3.49065850e-01
3.14159265e+00 -3.49065850e-01 3.49065850e-01
3.14159265e+00 -3.49065850e-01 -3.14159265e+00
-3.49065850e-01 -3.49065850e-01 -3.14159265e+00
3.14159265e+00 -3.49065850e-01 3.14159265e+00
-3.49065850e-01 -3.49065850e-01 3.14159265e+00
-3.49065850e-01 3.14159265e+00 3.14159265e+00
-3.49065850e-01 3.14159265e+00 -3.49065850e-01
-3.14159265e+00 -3.14159265e+00 3.49065850e-01
3.49065850e-01 -3.14159265e+00 3.49065850e-01
3.49065850e-01 -3.14159265e+00 -3.14159265e+00
3.49065850e-01 3.49065850e-01 -3.14159265e+00
-3.14159265e+00 3.49065850e-01 -3.14159265e+00
-3.14159265e+00 -3.14159265e+00 -3.14159265e+00
-3.14159265e+00 -3.14159265e+00 3.49065850e-01
3.49065850e-01 -3.14159265e+00 3.49065850e-01
3.49065850e-01 3.14159265e+00 -3.49065850e-01
3.49065850e-01 -3.49065850e-01 -3.49065850e-01
3.49065850e-01 -3.49065850e-01 3.14159265e+00
-3.14159265e+00 -3.49065850e-01 3.14159265e+00
-3.14159265e+00 -3.49065850e-01 -3.14159265e+00
-3.14159265e+00 -3.49065850e-01 3.49065850e-01
3.49065850e-01 -3.49065850e-01 3.49065850e-01
3.49065850e-01 3.14159265e+00 3.49065850e-01
3.14159265e+00 3.49065850e-01 -3.14159265e+00
3.14159265e+00 -3.14159265e+00 -3.14159265e+00
-3.49065850e-01 -3.14159265e+00 -3.14159265e+00
-3.49065850e-01 -3.14159265e+00 3.49065850e-01
3.14159265e+00 -3.14159265e+00 3.14159265e+00
3.14159265e+00 3.49065850e-01 3.14159265e+00
-3.49065850e-01 3.49065850e-01 3.14159265e+00
-3.49065850e-01 3.49065850e-01 -3.49065850e-01
3.49065850e-01 3.49065850e-01 -3.14159265e+00
3.49065850e-01 -3.14159265e+00 -3.14159265e+00
3.49065850e-01 -3.14159265e+00 3.49065850e-01
-3.14159265e+00 -3.14159265e+00 3.49065850e-01
3.14159265e+00 3.49065850e-01 -3.49065850e-01
-3.49065850e-01 3.49065850e-01 -3.49065850e-01
-3.49065850e-01 -3.14159265e+00 -3.49065850e-01
-3.49065850e-01 -3.14159265e+00 3.14159265e+00
3.49065850e-01 3.49065850e-01 -3.49065850e-01
-3.14159265e+00 3.49065850e-01 -3.49065850e-01
-3.14159265e+00 3.49065850e-01 3.14159265e+00
-3.14159265e+00 -3.14159265e+00 3.14159265e+00
3.49065850e-01 -3.49065850e-01 3.49065850e-01
-3.14159265e+00 -3.49065850e-01 3.49065850e-01
-3.14159265e+00 3.14159265e+00 3.49065850e-01
-3.14159265e+00 3.14159265e+00 -3.14159265e+00
-3.49065850e-01 -3.14159265e+00 3.49065850e-01
3.14159265e+00 -3.14159265e+00 3.49065850e-01
3.14159265e+00 -3.14159265e+00 -3.14159265e+00
3.14159265e+00 3.49065850e-01 -3.14159265e+00
3.14159265e+00 3.14159265e+00 3.14159265e+00
3.14159265e+00 -3.49065850e-01 3.14159265e+00
3.14159265e+00 -3.49065850e-01 -3.49065850e-01
-3.49065850e-01 -3.49065850e-01 -3.49065850e-01
-3.49065850e-01 3.14159265e+00 -3.14159265e+00
-3.49065850e-01 3.14159265e+00 3.49065850e-01
3.14159265e+00 3.14159265e+00 3.49065850e-01
3.14159265e+00 -3.49065850e-01 3.49065850e-01
-3.14159265e+00 3.14159265e+00 -3.49065850e-01
-3.14159265e+00 -3.49065850e-01 -3.49065850e-01
-3.14159265e+00 -3.49065850e-01 3.14159265e+00
3.49065850e-01 -3.49065850e-01 3.14159265e+00
3.49065850e-01 -3.49065850e-01 3.49065850e-01
3.49065850e-01 3.14159265e+00 3.49065850e-01
-3.14159265e+00 3.14159265e+00 3.49065850e-01
-3.14159265e+00 3.14159265e+00 -3.14159265e+00
-3.14159265e+00 -3.49065850e-01 3.14159265e+00
-3.14159265e+00 -3.49065850e-01 -3.49065850e-01
-3.14159265e+00 3.14159265e+00 -3.49065850e-01
3.49065850e-01 3.14159265e+00 -3.49065850e-01
-3.49065850e-01 3.49065850e-01 3.14159265e+00
-3.49065850e-01 3.49065850e-01 -3.49065850e-01
3.14159265e+00 3.49065850e-01 -3.49065850e-01
3.14159265e+00 -3.14159265e+00 -3.49065850e-01
-3.14159265e+00 3.14159265e+00 -3.49065850e-01
3.49065850e-01 3.14159265e+00 -3.49065850e-01
3.49065850e-01 3.14159265e+00 3.14159265e+00
3.49065850e-01 -3.49065850e-01 3.14159265e+00
-3.49065850e-01 -3.14159265e+00 3.49065850e-01
-3.49065850e-01 3.49065850e-01 3.49065850e-01
-3.49065850e-01 3.49065850e-01 -3.14159265e+00
3.14159265e+00 3.49065850e-01 -3.14159265e+00
-3.49065850e-01 3.49065850e-01 3.49065850e-01
3.14159265e+00 3.49065850e-01 3.49065850e-01
3.14159265e+00 3.49065850e-01 -3.14159265e+00
3.14159265e+00 -3.14159265e+00 -3.14159265e+00
3.49065850e-01 3.14159265e+00 -3.14159265e+00
-3.14159265e+00 3.14159265e+00 -3.14159265e+00
-3.14159265e+00 3.14159265e+00 3.49065850e-01
-3.14159265e+00 -3.49065850e-01 3.49065850e-01
3.14159265e+00 3.14159265e+00 -3.14159265e+00
3.14159265e+00 -3.49065850e-01 -3.14159265e+00
-3.49065850e-01 -3.49065850e-01 -3.14159265e+00
-3.49065850e-01 -3.49065850e-01 3.49065850e-01
3.49065850e-01 -3.49065850e-01 3.49065850e-01
3.49065850e-01 3.14159265e+00 3.49065850e-01
-3.14159265e+00 3.14159265e+00 3.49065850e-01
-3.14159265e+00 3.14159265e+00 -3.14159265e+00
3.49065850e-01 -3.49065850e-01 3.49065850e-01
-3.14159265e+00 -3.49065850e-01 3.49065850e-01
-3.14159265e+00 -3.49065850e-01 -3.14159265e+00
-3.14159265e+00 3.14159265e+00 -3.14159265e+00
3.14159265e+00 3.49065850e-01 -3.49065850e-01
3.14159265e+00 -3.14159265e+00 -3.49065850e-01
3.14159265e+00 -3.14159265e+00 3.14159265e+00
-3.49065850e-01 -3.14159265e+00 3.14159265e+00
-3.14159265e+00 3.49065850e-01 -3.49065850e-01
-3.14159265e+00 -3.14159265e+00 -3.49065850e-01
-3.14159265e+00 -3.14159265e+00 3.14159265e+00
3.49065850e-01 -3.14159265e+00 3.14159265e+00
3.49065850e-01 -3.49065850e-01 -3.14159265e+00
-3.14159265e+00 -3.49065850e-01 -3.14159265e+00
-3.14159265e+00 3.14159265e+00 -3.14159265e+00
-3.14159265e+00 3.14159265e+00 3.49065850e-01
-3.49065850e-01 -3.14159265e+00 -3.49065850e-01
-3.49065850e-01 -3.14159265e+00 3.14159265e+00
3.14159265e+00 -3.14159265e+00 3.14159265e+00
3.14159265e+00 3.49065850e-01 3.14159265e+00
3.14159265e+00 3.14159265e+00 3.14159265e+00
-3.49065850e-01 3.14159265e+00 3.14159265e+00
-3.49065850e-01 -3.49065850e-01 3.14159265e+00
-3.49065850e-01 -3.49065850e-01 -3.49065850e-01
3.49065850e-01 -3.14159265e+00 3.14159265e+00
-3.14159265e+00 -3.14159265e+00 3.14159265e+00
-3.14159265e+00 -3.14159265e+00 -3.49065850e-01
-3.14159265e+00 3.49065850e-01 -3.49065850e-01
3.14159265e+00 -3.49065850e-01 -3.49065850e-01
3.14159265e+00 -3.49065850e-01 3.14159265e+00
3.14159265e+00 3.14159265e+00 3.14159265e+00
-3.49065850e-01 3.14159265e+00 3.14159265e+00
3.14159265e+00 -3.49065850e-01 3.49065850e-01
3.14159265e+00 -3.49065850e-01 -3.14159265e+00
3.14159265e+00 3.14159265e+00 -3.14159265e+00
-3.49065850e-01 3.14159265e+00 -3.14159265e+00
3.49065850e-01 -3.14159265e+00 -3.14159265e+00
3.49065850e-01 -3.14159265e+00 3.49065850e-01
-3.14159265e+00 -3.14159265e+00 3.49065850e-01
-3.14159265e+00 3.49065850e-01 3.49065850e-01
-3.14159265e+00 -3.14159265e+00 3.14159265e+00
-3.14159265e+00 -3.14159265e+00 -3.49065850e-01
-3.14159265e+00 3.49065850e-01 -3.49065850e-01
3.49065850e-01 3.49065850e-01 -3.49065850e-01
-3.49065850e-01 3.14159265e+00 -3.14159265e+00
-3.49065850e-01 -3.49065850e-01 -3.14159265e+00
3.14159265e+00 -3.49065850e-01 -3.14159265e+00
3.14159265e+00 -3.49065850e-01 3.49065850e-01
3.49065850e-01 3.49065850e-01 3.14159265e+00
-3.14159265e+00 3.49065850e-01 3.14159265e+00
-3.14159265e+00 3.49065850e-01 -3.49065850e-01
-3.14159265e+00 -3.14159265e+00 -3.49065850e-01
3.49065850e-01 -3.49065850e-01 3.14159265e+00
3.49065850e-01 -3.49065850e-01 -3.49065850e-01
3.49065850e-01 3.14159265e+00 -3.49065850e-01
-3.14159265e+00 3.14159265e+00 -3.49065850e-01
-3.49065850e-01 3.14159265e+00 3.14159265e+00
-3.49065850e-01 3.14159265e+00 -3.49065850e-01
-3.49065850e-01 -3.49065850e-01 -3.49065850e-01
3.14159265e+00 -3.49065850e-01 -3.49065850e-01
-3.14159265e+00 3.49065850e-01 -3.14159265e+00
-3.14159265e+00 3.49065850e-01 3.49065850e-01
-3.14159265e+00 -3.14159265e+00 3.49065850e-01
3.49065850e-01 -3.14159265e+00 3.49065850e-01
-3.49065850e-01 3.49065850e-01 -3.49065850e-01
3.14159265e+00 3.49065850e-01 -3.49065850e-01
3.14159265e+00 3.49065850e-01 3.14159265e+00
3.14159265e+00 -3.14159265e+00 3.14159265e+00
-3.49065850e-01 3.14159265e+00 -3.14159265e+00
-3.49065850e-01 3.14159265e+00 3.49065850e-01
3.14159265e+00 3.14159265e+00 3.49065850e-01
3.14159265e+00 -3.49065850e-01 3.49065850e-01
-3.49065850e-01 3.49065850e-01 -3.14159265e+00
3.14159265e+00 3.49065850e-01 -3.14159265e+00
3.14159265e+00 3.49065850e-01 3.49065850e-01
3.14159265e+00 -3.14159265e+00 3.49065850e-01
-3.14159265e+00 -3.14159265e+00 3.49065850e-01
-3.14159265e+00 3.49065850e-01 3.49065850e-01
-3.14159265e+00 3.49065850e-01 -3.14159265e+00
3.49065850e-01 3.49065850e-01 -3.14159265e+00
-3.14159265e+00 -3.14159265e+00 -3.49065850e-01
-3.14159265e+00 -3.14159265e+00 3.14159265e+00
-3.14159265e+00 3.49065850e-01 3.14159265e+00
3.49065850e-01 3.49065850e-01 3.14159265e+00
3.14159265e+00 3.49065850e-01 -3.14159265e+00
3.14159265e+00 -3.14159265e+00 -3.14159265e+00
-3.49065850e-01 -3.14159265e+00 -3.14159265e+00
-3.49065850e-01 -3.14159265e+00 3.49065850e-01
3.14159265e+00 -3.49065850e-01 3.14159265e+00
3.14159265e+00 3.14159265e+00 3.14159265e+00
3.14159265e+00 3.14159265e+00 -3.49065850e-01
-3.49065850e-01 3.14159265e+00 -3.49065850e-01
-3.14159265e+00 3.14159265e+00 -3.14159265e+00
-3.14159265e+00 3.14159265e+00 3.49065850e-01
3.49065850e-01 3.14159265e+00 3.49065850e-01
3.49065850e-01 -3.49065850e-01 3.49065850e-01
-3.14159265e+00 -3.14159265e+00 3.49065850e-01
-3.14159265e+00 3.49065850e-01 3.49065850e-01
-3.14159265e+00 3.49065850e-01 -3.14159265e+00
3.49065850e-01 3.49065850e-01 -3.14159265e+00
-3.14159265e+00 3.49065850e-01 -3.14159265e+00
-3.14159265e+00 3.49065850e-01 3.49065850e-01
-3.14159265e+00 -3.14159265e+00 3.49065850e-01
3.49065850e-01 -3.14159265e+00 3.49065850e-01
3.14159265e+00 -3.49065850e-01 -3.14159265e+00
3.14159265e+00 -3.49065850e-01 3.49065850e-01
-3.49065850e-01 -3.49065850e-01 3.49065850e-01
-3.49065850e-01 3.14159265e+00 3.49065850e-01
-3.49065850e-01 -3.49065850e-01 -3.14159265e+00
-3.49065850e-01 -3.49065850e-01 3.49065850e-01
3.14159265e+00 -3.49065850e-01 3.49065850e-01
3.14159265e+00 3.14159265e+00 3.49065850e-01
-3.49065850e-01 3.49065850e-01 3.14159265e+00
-3.49065850e-01 3.49065850e-01 -3.49065850e-01
3.14159265e+00 3.49065850e-01 -3.49065850e-01
3.14159265e+00 -3.14159265e+00 -3.49065850e-01
-3.49065850e-01 -3.14159265e+00 -3.49065850e-01
-3.49065850e-01 3.49065850e-01 -3.49065850e-01
3.14159265e+00 3.49065850e-01 -3.49065850e-01
3.14159265e+00 3.49065850e-01 3.14159265e+00
3.14159265e+00 -3.14159265e+00 -3.14159265e+00
3.14159265e+00 -3.14159265e+00 3.49065850e-01
3.14159265e+00 3.49065850e-01 3.49065850e-01
-3.49065850e-01 3.49065850e-01 3.49065850e-01
-3.14159265e+00 3.14159265e+00 -3.49065850e-01
-3.14159265e+00 3.14159265e+00 3.14159265e+00
-3.14159265e+00 -3.49065850e-01 3.14159265e+00
3.49065850e-01 -3.49065850e-01 3.14159265e+00
-3.14159265e+00 3.14159265e+00 3.14159265e+00
-3.14159265e+00 -3.49065850e-01 3.14159265e+00
-3.14159265e+00 -3.49065850e-01 -3.49065850e-01
3.49065850e-01 -3.49065850e-01 -3.49065850e-01
-3.14159265e+00 -3.49065850e-01 -3.49065850e-01
-3.14159265e+00 3.14159265e+00 -3.49065850e-01
3.49065850e-01 3.14159265e+00 -3.49065850e-01
3.49065850e-01 3.14159265e+00 3.14159265e+00
-3.14159265e+00 -3.14159265e+00 3.14159265e+00
-3.14159265e+00 -3.14159265e+00 -3.49065850e-01
3.49065850e-01 -3.14159265e+00 -3.49065850e-01
3.49065850e-01 3.49065850e-01 -3.49065850e-01
-3.14159265e+00 -3.49065850e-01 3.14159265e+00
-3.14159265e+00 3.14159265e+00 3.14159265e+00
3.49065850e-01 3.14159265e+00 3.14159265e+00
3.49065850e-01 3.14159265e+00 -3.49065850e-01
-3.14159265e+00 3.49065850e-01 -3.14159265e+00
-3.14159265e+00 3.49065850e-01 3.49065850e-01
3.49065850e-01 3.49065850e-01 3.49065850e-01
3.49065850e-01 -3.14159265e+00 3.49065850e-01
-3.49065850e-01 -3.14159265e+00 -3.14159265e+00
3.14159265e+00 -3.14159265e+00 -3.14159265e+00
3.14159265e+00 -3.14159265e+00 3.49065850e-01
3.14159265e+00 3.49065850e-01 3.49065850e-01
3.49065850e-01 3.49065850e-01 3.14159265e+00
3.49065850e-01 3.49065850e-01 -3.49065850e-01
-3.14159265e+00 3.49065850e-01 -3.49065850e-01
-3.14159265e+00 -3.14159265e+00 -3.49065850e-01
-3.14159265e+00 -3.49065850e-01 -3.14159265e+00
3.49065850e-01 -3.49065850e-01 -3.14159265e+00
3.49065850e-01 -3.49065850e-01 3.49065850e-01
3.49065850e-01 3.14159265e+00 3.49065850e-01
3.14159265e+00 -3.49065850e-01 3.49065850e-01
-3.49065850e-01 -3.49065850e-01 3.49065850e-01
-3.49065850e-01 3.14159265e+00 3.49065850e-01
-3.49065850e-01 3.14159265e+00 -3.14159265e+00
3.14159265e+00 -3.14159265e+00 -3.49065850e-01
3.14159265e+00 3.49065850e-01 -3.49065850e-01
-3.49065850e-01 3.49065850e-01 -3.49065850e-01
-3.49065850e-01 3.49065850e-01 3.14159265e+00
3.14159265e+00 3.49065850e-01 -3.49065850e-01
3.14159265e+00 -3.14159265e+00 -3.49065850e-01
3.14159265e+00 -3.14159265e+00 3.14159265e+00
-3.49065850e-01 -3.14159265e+00 3.14159265e+00
3.49065850e-01 3.14159265e+00 3.49065850e-01
-3.14159265e+00 3.14159265e+00 3.49065850e-01
-3.14159265e+00 -3.49065850e-01 3.49065850e-01
-3.14159265e+00 -3.49065850e-01 -3.14159265e+00
-3.49065850e-01 -3.14159265e+00 -3.49065850e-01
3.14159265e+00 -3.14159265e+00 -3.49065850e-01
3.14159265e+00 -3.14159265e+00 3.14159265e+00
3.14159265e+00 3.49065850e-01 3.14159265e+00
3.14159265e+00 -3.49065850e-01 -3.14159265e+00
-3.49065850e-01 -3.49065850e-01 -3.14159265e+00
-3.49065850e-01 -3.49065850e-01 3.49065850e-01
-3.49065850e-01 3.14159265e+00 3.49065850e-01
-3.49065850e-01 3.14159265e+00 -3.49065850e-01
-3.49065850e-01 -3.49065850e-01 -3.49065850e-01
-3.49065850e-01 -3.49065850e-01 3.14159265e+00
3.14159265e+00 -3.49065850e-01 3.14159265e+00
3.49065850e-01 3.49065850e-01 3.14159265e+00
3.49065850e-01 -3.14159265e+00 3.14159265e+00
3.49065850e-01 -3.14159265e+00 -3.49065850e-01
-3.14159265e+00 -3.14159265e+00 -3.49065850e-01
3.49065850e-01 -3.49065850e-01 -3.49065850e-01
-3.14159265e+00 -3.49065850e-01 -3.49065850e-01
-3.14159265e+00 3.14159265e+00 -3.49065850e-01
-3.14159265e+00 3.14159265e+00 3.14159265e+00
3.14159265e+00 3.14159265e+00 -3.14159265e+00
-3.49065850e-01 3.14159265e+00 -3.14159265e+00
-3.49065850e-01 3.14159265e+00 3.49065850e-01
-3.49065850e-01 -3.49065850e-01 3.49065850e-01
-3.14159265e+00 3.49065850e-01 3.14159265e+00
3.49065850e-01 3.49065850e-01 3.14159265e+00
3.49065850e-01 -3.14159265e+00 3.14159265e+00
3.49065850e-01 -3.14159265e+00 -3.49065850e-01
3.49065850e-01 -3.14159265e+00 3.49065850e-01
3.49065850e-01 3.49065850e-01 3.49065850e-01
3.49065850e-01 3.49065850e-01 -3.14159265e+00
-3.14159265e+00 3.49065850e-01 -3.14159265e+00
-3.14159265e+00 3.49065850e-01 -3.49065850e-01
3.49065850e-01 3.49065850e-01 -3.49065850e-01
3.49065850e-01 -3.14159265e+00 -3.49065850e-01
3.49065850e-01 -3.14159265e+00 3.14159265e+00
-3.14159265e+00 -3.14159265e+00 -3.49065850e-01
-3.14159265e+00 -3.14159265e+00 3.14159265e+00
-3.14159265e+00 3.49065850e-01 3.14159265e+00
3.49065850e-01 3.49065850e-01 3.14159265e+00
-3.14159265e+00 3.14159265e+00 3.14159265e+00
-3.14159265e+00 -3.49065850e-01 3.14159265e+00
3.49065850e-01 -3.49065850e-01 3.14159265e+00
3.49065850e-01 -3.49065850e-01 -3.49065850e-01
-3.14159265e+00 3.14159265e+00 3.14159265e+00
-3.14159265e+00 -3.49065850e-01 3.14159265e+00
3.49065850e-01 -3.49065850e-01 3.14159265e+00
3.49065850e-01 -3.49065850e-01 -3.49065850e-01
3.14159265e+00 -3.49065850e-01 -3.14159265e+00
3.14159265e+00 -3.49065850e-01 3.49065850e-01
3.14159265e+00 3.14159265e+00 3.49065850e-01
-3.49065850e-01 3.14159265e+00 3.49065850e-01
